2.00559	0
2.01554	44.3564
2.01663	77.2118
2.0274	253.552
2.03208	385.586
2.04325	396.086
2.04799	462.515
2.04906	559.01
2.05666	567.903
2.06072	611.288
2.06222	677.985
2.06594	714.05
2.06788	767.201
2.07166	794.443
2.0795	773.859
2.08194	810.667
2.08382	851.238
2.08663	879.714
2.09254	874.03
2.09717	881.195
2.10226	883.454
2.10576	899.522
2.1119	891.828
2.11983	871.125
2.12082	904.42
2.12273	929.798
2.12807	927.669
2.13026	949.079
2.13127	978.844
2.13878	958.992
2.14065	980.519
2.14427	988.835
2.14831	993.799
2.15354	990.466
2.1545	1015.64
2.15971	1011.84
2.16286	1021.47
2.16784	1019.11
2.17846	983.748
2.17947	1005.07
2.18042	1026.49
2.18747	1012.58
2.19263	1009.8
2.19383	1028.33
2.19882	1026.12
2.20466	1019.66
2.2093	1019.52
2.21028	1037.61
2.21126	1055.52
2.21254	1071.71
2.21907	1060.97
2.22038	1076.39
2.22577	1071.41
2.23207	1062.38
2.23307	1078.38
2.23428	1093.24
2.23525	1109.09
2.25303	1048.44
2.25609	1054.41
2.2647	1037.54
2.26567	1051.75
2.26757	1062.07
2.26857	1075.91
2.2698	1088.7
2.27569	1082.38
2.27759	1092.1
2.29192	1053.9
2.2929	1066.67
2.29442	1077.33
2.29633	1086.43
2.29729	1098.98
2.30041	1103.3
2.31813	1055.82
2.31942	1066.46
2.32038	1078.15
2.32134	1089.76
2.33239	1067.32
2.33524	1072.36
2.35228	1033.24
2.35726	1031.98
2.35822	1042.51
2.38127	991.086
2.38256	1000.17
2.38355	1009.99
2.38483	1018.98
2.38792	1023.05
2.39288	1022.09
2.39845	1019.58
2.40092	1025.1
2.40904	1016.13
2.41804	1005.37
2.42184	1007.49
2.42312	1015.67
2.42597	1019.97
2.42879	1024.29
2.42978	1032.98
2.43433	1032.99
2.44227	1024.98
2.44415	1031.31
2.44751	1034.12
2.44971	1039.58
2.45308	1042.27
2.45594	1046.09
2.45691	1054.26
2.46188	1053.09
2.48054	1021.63
2.48155	1029.34
2.4837	1034.55
2.50121	1007.5
2.50588	1007.5
2.51151	1005.58
2.51442	1009.08
2.53917	971.098
2.54133	975.961
2.54415	979.585
2.54632	984.351
2.55573	976.067
2.55674	982.812
2.55865	987.921
2.56176	990.854
2.56491	993.683
2.5708	991.651
2.57303	996.043
2.58592	982.029
2.58955	983.979
2.59632	980.666
2.60411	975.763
2.60536	981.571
2.60638	987.733
2.6076	993.543
2.61318	992.161
2.61422	998.193
2.61801	999.696
2.63062	987.057
2.63254	991.536
2.63536	994.564
2.63661	1000.05
2.6376	1005.92
2.66679	968.637
2.6697	971.475
2.67213	974.99
2.67404	979.24
2.6781	980.323
2.67909	985.865
2.68434	985.17
2.69476	977.102
2.69584	982.387
2.69772	986.514
2.702	987.206
2.70763	985.99
2.70861	991.305
2.71196	993.263
2.71293	998.55
2.71674	999.814
2.71967	1002.3
2.72064	1007.52
2.72254	1011.41
2.72782	1010.53
2.73491	1007.15
2.73804	1009.27
2.74208	1010.12
2.7452	1012.22
2.74825	1014.4
2.74946	1019.07
2.7532	1020.26
2.7575	1020.68
2.7597	1023.94
2.76759	1019.52
2.77136	1020.64
2.77697	1019.31
2.78379	1016.43
2.78849	1016.33
2.7904	1019.85
2.79507	1019.78
2.79696	1023.29
2.80375	1020.48
2.8286	995.384
2.8301	999.277
2.83141	1003.39
2.83474	1005.03
2.83971	1004.68
2.84329	1006
2.84891	1004.88
2.8518	1007
2.85553	1008.12
2.8565	1012.5
2.85844	1015.71
2.85942	1020.05
2.87265	1009.91
2.88771	998.007
2.88961	1001.18
2.89248	1003.25
2.89914	1001.03
2.90012	1005.2
2.90233	1007.96
2.90795	1006.9
2.91294	1006.55
2.91707	1007.15
2.92204	1006.82
2.92395	1009.84
2.93432	1003.63
2.93527	1007.67
2.95032	996.596
2.95129	1000.55
2.95626	1000.27
2.9638	997.304
2.96485	1001.12
2.96615	1004.66
2.97111	1004.37
2.97333	1006.92
2.97976	1005.11
2.98638	1003.12
2.99303	1001.13
2.99582	1003.06
2.99874	1004.84
3.00375	1004.51
3.00552	1007.44
3.00955	1008.08
3.01516	1007.14
3.02376	1003.25
3.03152	1000.25
3.03368	1002.72
3.03653	1004.51
3.03808	1007.56
3.04558	1004.82
3.04655	1008.4
3.04753	1011.97
3.0543	1009.92
3.08282	987.551
3.08825	986.943
3.08954	990.108
3.0917	992.47
3.10304	986.501
3.10429	989.66
3.10525	993.073
3.10717	995.612
3.11285	994.754
3.11846	993.966
3.12135	995.378
3.12228	998.589
3.12512	1000.09
3.12698	1002.45
3.12985	1003.9
3.13265	1005.41
3.13645	1006.02
3.13738	1009.18
3.13831	1012.34
3.13923	1015.5
3.14391	1015.29
3.14585	1017.51
3.14689	1020.54
3.1516	1020.28
3.15258	1023.35
3.15905	1021.52
3.1647	1020.43
3.17268	1017.32
3.18264	1012.55
3.19132	1008.94
3.19933	1005.95
3.20791	1002.52
3.2153	1000.13
3.22469	996.127
3.23	995.492
3.24215	989.36
3.25018	986.603
3.25823	983.865
3.26613	981.279
3.2711	980.99
3.28219	976.003
3.29279	971.472
3.29837	970.769
3.30527	969.087
3.31289	966.89
3.32439	961.88
3.33119	960.35
3.34372	954.73
3.34582	956.6
3.35345	954.533
3.36352	950.778
3.37294	947.528
3.37837	947.066
3.3867	944.622
3.39305	943.55
3.40439	939.127
3.41483	935.372
3.42119	934.357
3.4304	931.484
3.43484	931.748
3.44417	928.841
3.45557	924.651
3.4599	925
3.46694	923.632
3.48097	917.907
3.4909	914.809
3.49209	917.112
3.5055	911.921
3.5119	911.042
3.52333	907.154
3.52425	909.575
3.53461	906.364
3.54079	905.654
3.554	900.842
3.55863	901.062
3.56589	899.761
3.5759	896.899
3.58567	894.209
3.59679	890.796
3.59798	892.963
3.60971	889.247
3.62024	886.242
3.62875	884.376
3.63144	885.688
3.6396	884.026
3.64875	881.849
3.66178	877.636
3.6652	878.546
3.67519	875.992
3.68607	873.006
3.69006	873.617
3.69695	872.726
3.7092	869.099
3.71269	869.965
3.72805	864.827
3.72898	866.978
3.74238	862.888
3.75122	861.103
3.75352	862.551
3.76184	861.034
3.77707	856.179
3.78075	856.946
3.78909	855.468
3.79686	854.276
3.80325	853.75
3.81526	850.577
3.81983	850.922
3.82804	849.564
3.83993	846.518
3.84544	846.435
3.8567	843.724
3.86367	842.987
3.87261	841.367
3.88156	839.759
3.88943	838.646
3.8936	839.183
3.9047	836.654
3.90995	836.717
3.92004	834.664
3.93027	832.572
3.94019	830.635
3.94274	831.871
3.9509	830.701
3.96368	827.584
3.97257	826.138
3.97945	825.544
3.98563	825.246
3.99599	823.218
4.00008	823.792
4.01486	819.978
4.02148	819.523
4.02809	819.076
4.03323	819.225
4.0454	816.549
4.05222	816.033
4.06055	814.921
4.06561	815.109
4.07377	814.075
4.08467	811.978
4.09572	809.844
4.09927	810.626
4.10994	808.66
4.11763	807.852
4.12958	805.431
4.13518	805.432
4.13931	805.987
4.15124	803.609
4.16101	802.06
4.16489	802.708
4.17155	802.323
4.17941	801.498
4.19065	799.44
4.19675	799.273
4.20684	797.66
4.21494	796.778
4.22509	795.167
4.23329	794.265
4.24041	793.754
4.24802	793.072
4.256	792.265
4.26313	791.761
4.27145	790.846
4.28331	788.709
4.28799	789.068
4.29495	788.64
4.30604	786.8
4.31639	785.229
4.32392	784.624
4.32868	784.959
4.33605	784.413
4.34875	782.087
4.35782	780.989
4.36607	780.171
4.37183	780.179
4.37736	780.262
4.39201	777.363
4.39295	778.947
4.40459	777.049
4.40965	777.29
4.42439	774.419
4.42653	775.598
4.43864	773.592
4.44175	774.456
4.45348	772.589
4.46429	771.027
4.47154	770.59
4.47709	770.685
4.48533	769.944
4.49598	768.463
4.50024	768.959
4.50807	768.356
4.52185	765.942
4.52561	766.59
4.53658	765.05
4.54167	765.293
4.54814	765.121
4.55806	763.915
4.57059	761.942
4.57778	761.567
4.58265	761.878
4.5931	760.545
4.59813	760.81
4.61273	758.28
4.61557	759.184
4.62576	757.953
4.63083	758.208
4.6385	757.713
4.65009	756.099
4.65637	756.009
4.66485	755.295
4.67277	754.744
4.67997	754.399
4.69204	752.69
4.70294	751.321
4.70695	751.876
4.71277	751.926
4.72621	749.87
4.73036	750.384
4.74052	749.246
4.75071	748.109
4.75377	748.917
4.7661	747.207
4.77442	746.591
4.77951	746.848
4.7906	745.494
4.79473	746.008
4.80476	744.947
4.81206	744.617
4.82446	742.942
4.84107	740.181
4.84204	741.519
4.84895	741.304
4.85123	742.295
4.86433	740.472
4.87156	740.178
4.8818	739.112
4.88571	739.675
4.89302	739.365
4.90314	738.34
4.91124	737.835
4.9198	737.216
4.92862	736.535
4.93487	736.504
4.94359	735.854
4.95256	735.145
4.95945	734.958
4.9706	733.716
4.9771	733.629
4.98307	733.673
4.99135	733.15
5.00234	731.967
5.0077	732.163
5.01776	731.216
5.02955	729.857
5.03773	729.376
5.04609	728.855
5.05342	728.582
5.05969	728.564
5.07055	727.454
5.07731	727.322
5.08448	727.094
5.0896	727.35
5.10006	726.35
5.10795	725.957
5.11423	725.942
5.12614	724.617
5.13181	724.746
5.14401	723.366
5.14693	724.13
5.15829	722.952
5.16831	722.088
5.17245	722.569
5.18286	721.622
5.19171	721.034
5.19612	721.451
5.20964	719.815
5.21664	719.651
5.224	719.407
5.2308	719.29
5.2364	719.439
5.24916	718
5.2566	717.745
5.26448	717.394
5.27186	717.155
5.28023	716.699
5.29132	715.654
5.29844	715.476
5.3057	715.27
5.31268	715.124
5.31993	714.921
5.33033	714.042
5.33812	713.727
5.34877	712.803
5.35387	713.065
5.36498	712.05
5.36812	712.727
5.37643	712.308
5.3886	711.08
5.39387	711.305
5.40284	710.755
5.41106	710.365
5.42203	709.404
5.4286	709.361
5.43654	709.034
5.44596	708.405
5.45008	708.867
5.45927	708.287
5.46737	707.933
5.48085	706.486
5.48515	706.909
5.49289	706.634
5.50429	705.622
5.50744	706.275
5.52061	704.913
5.52682	704.951
5.53889	703.82
5.54256	704.365
5.55513	703.142
5.55793	703.858
5.56887	702.963
5.57698	702.63
5.58787	701.754
5.59345	701.92
5.60228	701.451
5.60702	701.781
5.61575	701.334
5.62401	700.98
5.63318	700.452
5.64489	699.438
5.65375	698.976
5.65658	699.67
5.66527	699.241
5.67224	699.143
5.68035	698.827
5.68764	698.669
5.69674	698.169
5.70792	697.28
5.71681	696.825
5.72254	696.965
5.73236	696.339
5.73772	696.548
5.7541	694.708
5.75504	695.737
5.77376	693.478
5.77563	694.331
5.77989	694.743
5.79101	693.894
5.79748	693.9
5.80544	693.634
5.81048	693.901
5.81896	693.541
5.8312	692.501
5.83606	692.801
5.84903	691.637
5.85336	692.031
5.8588	692.225
5.871	691.207
5.87733	691.243
5.88515	691.012
5.89433	690.542
5.90613	689.609
5.91566	689.082
5.91876	689.69
5.9252	689.708
5.93533	689.078
5.94274	688.927
5.9541	688.088
5.96021	688.165
5.96708	688.111
5.97719	687.495
5.98714	686.911
5.99754	686.251
6.00274	686.487
6.0128	685.89
6.02051	685.697
6.02348	686.313
6.03462	685.535
6.04176	685.44
6.04805	685.49
6.05926	684.707
6.07094	683.85
6.07188	684.801
6.08322	684.004
6.08941	684.072
6.10344	682.831
6.10564	683.565
6.11432	683.219
6.12088	683.226
6.13591	681.832
6.14505	681.417
6.14785	682.045
6.15456	682.03
6.16821	680.877
6.17433	680.96
6.18484	680.327
6.18827	680.848
6.19767	680.398
6.20323	680.571
6.21485	679.765
6.222	679.682
6.23232	679.09
6.24088	678.783
6.24569	679.077
6.25473	678.694
6.26484	678.142
6.26935	678.483
6.27665	678.38
6.28777	677.672
6.29302	677.895
6.30205	677.52
6.31029	677.271
6.31838	677.047
6.33216	675.934
6.33979	675.785
6.34711	675.685
6.35068	676.168
6.3623	675.4
6.3694	675.335
6.37906	674.875
6.39069	674.114
6.39539	674.42
6.40375	674.164
6.40945	674.316
6.4186	673.941
6.42488	674.004
6.43401	673.633
6.44129	673.545
6.4554	672.423
6.46442	672.075
6.46721	672.666
6.47761	672.11
6.48514	671.988
6.49451	671.59
6.49863	671.979
6.51	671.284
6.51891	670.959
6.5261	670.89
6.53568	670.467
6.54238	670.471
6.55169	670.091
6.56034	669.809
6.56761	669.73
6.57424	669.746
6.5806	669.801
6.58979	669.443
6.59779	669.259
6.60897	668.614
6.61275	669.045
6.62772	667.854
6.63569	667.679
6.63881	668.203
6.64606	668.131
6.65741	667.471
6.66461	667.408
6.67439	666.977
6.68475	666.464
6.68804	666.959
6.69522	666.9
6.7034	666.7
6.71601	665.873
6.7241	665.687
6.72802	666.09
6.7393	665.456
6.74604	665.462
6.75562	665.07
6.76486	664.726
6.77334	664.49
6.77935	664.599
6.78534	664.71
6.79811	663.88
6.80294	664.153
6.80992	664.127
6.81831	663.907
6.82632	663.739
6.83882	662.956
6.84552	662.971
6.85113	663.134
6.8601	662.839
6.86972	662.455
6.87734	662.345
6.88386	662.385
6.89591	661.675
6.90125	661.875
6.91236	661.296
6.92077	661.083
6.92459	661.487
6.93809	660.591
6.94522	660.551
6.95012	660.809
6.95857	660.592
6.96874	660.148
6.9757	660.131
6.98533	659.761
6.99485	659.406
6.99953	659.692
7.00654	659.669
7.01506	659.448
7.0257	658.949
7.03334	658.845
7.03928	658.964
7.05188	658.213
7.05795	658.315
7.06511	658.275
7.07299	658.142
7.08289	657.747
7.09064	657.632
7.09665	657.742
7.10482	657.573
7.11617	656.996
7.12215	657.11
7.12941	657.059
7.14176	656.358
7.14823	656.409
7.15529	656.386
7.16536	655.979
7.17037	656.216
7.1786	656.045
7.18766	655.768
7.1952	655.685
7.20537	655.27
7.21162	655.35
7.22044	655.107
7.23284	654.416
7.2418	654.158
7.24622	654.467
7.25427	654.323
7.26171	654.256
7.2719	653.846
7.27687	654.086
7.2851	653.921
7.29537	653.504
7.30366	653.333
7.31393	652.919
7.32227	652.744
7.33146	652.465
7.33613	652.74
7.34679	652.282
7.35155	652.545
7.36127	652.203
7.36814	652.209
7.37514	652.199
7.38774	651.51
7.39281	651.735
7.40194	651.468
7.41232	651.052
7.42118	650.82
7.42742	650.903
7.43254	651.12
7.44322	650.671
7.45208	650.441
7.45736	650.639
7.46943	650.028
7.47752	649.891
7.48166	650.224
7.49487	649.481
7.49997	649.699
7.51059	649.266
7.51663	649.373
7.52687	648.985
7.53214	649.183
7.5434	648.678
7.54835	648.913
7.55955	648.416
7.56456	648.644
7.57557	648.172
7.58435	647.96
7.59153	647.935
7.59922	647.851
7.60475	648.017
7.61279	647.892
7.62116	647.73
7.6301	647.503
7.63969	647.202
7.64662	647.206
7.65466	647.084
7.66626	646.555
7.6701	646.913
7.6796	646.625
7.68647	646.638
7.69689	646.247
7.7031	646.334
7.71293	646.011
7.72236	645.735
7.73063	645.59
7.73686	645.676
7.74384	645.677
7.75321	645.409
7.76021	645.408
7.77248	644.817
7.77776	645.009
7.78714	644.743
7.79519	644.626
7.80337	644.495
7.81319	644.182
7.8194	644.27
7.83163	643.692
7.83423	644.179
7.84334	643.947
7.85157	643.812
7.86156	643.484
7.87015	643.311
7.87594	643.445
7.88305	643.434
7.89442	642.958
7.90263	642.828
7.90868	642.934
7.91929	642.543
7.92855	642.3
7.9334	642.536
7.94258	642.303
7.94952	642.312
7.96015	641.923
7.96817	641.816
7.97419	641.925
7.98453	641.569
7.99086	641.645
7.99902	641.524
8.01159	640.932
8.01414	641.411
8.02417	641.092
8.03356	640.842
8.04091	640.809
8.04692	640.918
8.05612	640.69
8.06327	640.678
8.07467	640.218
8.08552	639.818
8.08907	640.186
8.09736	640.056
8.10832	639.646
8.11466	639.72
8.12162	639.73
8.13217	639.365
8.13892	639.397
8.14556	639.44
8.15345	639.354
8.16165	639.235
8.17288	638.802
8.18013	638.783
8.18615	638.891
8.19533	638.672
8.20588	638.313
8.21409	638.196
8.22113	638.199
8.22716	638.306
8.23536	638.19
8.24469	637.959
8.25489	637.639
8.2599	637.85
8.26812	637.733
8.27772	637.477
8.28545	637.41
8.29699	636.958
8.31364	635.993
8.3146	636.611
8.31849	636.933
8.32673	636.817
8.33652	636.545
8.34307	636.599
8.35094	636.52
8.35824	636.499
8.36831	636.201
8.3778	635.962
8.38464	635.987
8.39626	635.537
8.40022	635.849
8.40734	635.846
8.41867	635.426
8.42787	635.219
8.43506	635.21
8.44254	635.173
8.4493	635.207
8.45963	634.889
8.46902	634.665
8.47405	634.869
8.48548	634.445
8.49153	634.549
8.50263	634.16
8.51113	634.025
8.51386	634.452
8.52513	634.047
8.53023	634.243
8.54249	633.744
8.54878	633.824
8.558	633.621
8.56669	633.47
8.5762	633.239
8.57943	633.615
8.5888	633.398
8.59677	633.317
8.60398	633.309
8.61215	633.208
8.62217	632.931
8.62953	632.909
8.63987	632.603
8.64686	632.617
8.65824	632.213
8.66182	632.55
8.67354	632.115
8.68225	631.966
8.68835	632.065
8.6951	632.101
8.70637	631.712
8.71388	631.677
8.72081	631.697
8.73067	631.442
8.736	631.612
8.74321	631.606
8.75142	631.506
8.7596	631.409
8.77097	631.015
8.77922	630.913
8.78659	630.892
8.79238	631.019
8.80305	630.692
8.80874	630.828
8.82135	630.323
8.8252	630.629
8.83369	630.505
8.84469	630.151
8.84996	630.325
8.85986	630.073
8.86701	630.074
8.8765	629.86
8.88664	629.588
8.8907	629.872
8.90325	629.38
8.91082	629.343
8.9184	629.306
8.92439	629.413
8.93509	629.093
8.93986	629.311
8.95027	629.017
8.95733	629.027
8.96571	628.918
8.9748	628.745
8.98176	628.765
8.99334	628.368
9.0013	628.298
9.00634	628.491
9.01702	628.177
9.02682	627.943
9.03119	628.194
9.04006	628.044
9.04636	628.122
9.05553	627.945
9.06269	627.948
9.0731	627.661
9.08137	627.565
9.0883	627.588
9.09678	627.474
9.10368	627.5
9.11402	627.222
9.12226	627.13
9.13048	627.039
9.13871	626.948
9.14874	626.7
9.15386	626.882
9.16223	626.779
9.17014	626.717
9.18124	626.376
9.1878	626.433
9.19472	626.457
9.20418	626.261
9.21334	626.091
9.21958	626.175
9.23066	625.839
9.23473	626.111
9.2483	625.561
9.25337	625.746
9.26278	625.556
9.2695	625.598
9.27912	625.391
9.28699	625.335
9.29736	625.064
9.30468	625.056
9.31261	624.995
9.31766	625.18
9.32826	624.892
9.33304	625.1
9.34249	624.909
9.3495	624.927
9.36325	624.373
9.36898	624.5
9.37627	624.494
9.38218	624.605
9.39535	624.103
9.40175	624.173
9.40924	624.151
9.41936	623.907
9.42626	623.935
9.43957	623.425
9.44084	623.926
9.45237	623.565
9.45779	623.717
9.46516	623.706
9.47351	623.613
9.48466	623.286
9.48999	623.445
9.49785	623.394
9.50628	623.294
9.51524	623.152
9.52648	622.82
9.52964	623.158
9.53899	622.984
9.54919	622.74
9.5546	622.891
9.56366	622.741
9.5709	622.742
9.58188	622.435
9.59046	622.326
9.59619	622.45
9.60435	622.376
9.61723	621.915
9.6229	622.045
9.63112	621.966
9.6362	622.143
9.64874	621.713
9.65285	621.968
9.66485	621.583
9.67328	621.488
9.67808	621.687
9.68531	621.69
9.69563	621.442
9.70573	621.213
9.70986	621.466
9.71809	621.387
9.72626	621.314
9.73446	621.239
9.74365	621.084
9.75522	620.739
9.75995	620.942
9.77159	620.593
9.77737	620.712
9.78705	620.519
9.79402	620.543
9.80152	620.525
9.81165	620.298
9.81636	620.502
9.82742	620.201
9.83593	620.103
9.84411	620.032
9.8504	620.11
9.86023	619.908
9.86868	619.816
9.87771	619.678
9.88531	619.653
9.8921	619.691
9.90147	619.528
9.90891	619.515
9.91884	619.308
9.92409	619.467
9.93539	619.153
9.93936	619.412
9.94745	619.35
9.95978	618.957
9.96766	618.911
9.97511	618.898
9.98144	618.973
9.99444	618.53
10.0017	618.533
10.0077	618.633
10.0151	618.625
10.0255	618.385
10.0307	618.547
10.0419	618.246
10.0501	618.177
10.054	618.438
10.0641	618.223
10.0734	618.069
10.0839	617.825
10.0867	618.169
10.0983	617.84
10.1051	617.879
10.1145	617.719
10.1236	617.582
10.131	617.575
10.1399	617.454
10.145	617.622
10.1563	617.319
10.1626	617.395
10.1696	617.419
10.178	617.336
10.1882	617.118
10.1944	617.202
10.2014	617.225
10.2129	616.91
10.2209	616.858
10.2303	616.702
10.2364	616.793
10.2436	616.802
10.2546	616.526
10.26	616.67
10.2711	616.387
10.2807	616.217
10.2833	616.569
10.2938	616.332
10.3016	616.297
10.3079	616.372
10.3202	616.003
10.3243	616.242
10.3347	616.014
10.3438	615.883
10.3498	615.981
10.3586	615.872
10.3654	615.911
10.3747	615.766
10.3847	615.569
10.3907	615.667
10.399	615.596
10.4094	615.371
10.4155	615.461
10.427	615.156
10.4308	615.414
10.4393	615.329
10.4472	615.288
10.4556	615.21
10.4645	615.096
10.4742	614.924
10.4809	614.971
10.4906	614.799
10.5001	614.643
10.5085	614.567
10.5146	614.656
10.524	614.508
10.5311	614.525
10.5373	614.607
10.5486	614.323
10.5569	614.254
10.5638	614.286
10.5725	614.189
10.5796	614.206
10.5877	614.152
10.5992	613.856
10.605	613.966
10.6119	613.998
10.6215	613.838
10.6298	613.77
10.6368	613.795
10.646	613.664
10.6541	613.611
10.6615	613.608
10.6693	613.576
10.6812	613.254
10.6869	613.371
10.6949	613.326
10.7052	613.119
10.7093	613.348
10.7225	612.937
10.7301	612.92
10.737	612.953
10.7434	613.02
10.7546	612.751
10.7607	612.839
10.7698	612.718
10.7801	612.513
10.7863	612.594
10.7922	612.696
10.8003	612.645
10.8086	612.58
10.8161	612.571
10.8291	612.18
10.8333	612.399
10.8424	612.279
10.8499	612.27
10.8614	611.985
10.8672	612.093
10.8741	612.126
10.8836	611.979
10.893	611.839
10.9019	611.735
10.9069	611.898
10.9141	611.91
10.9243	611.716
10.9346	611.516
10.9387	611.74
10.9491	611.533
10.957	611.497
10.9676	611.278
10.9714	611.522
10.9831	611.227
10.9898	611.274
11.0003	611.062
11.0092	610.959
11.0127	611.223
11.0235	610.991
11.0322	610.902
11.0389	610.948
11.0496	610.724
11.0558	610.804
11.0647	610.702
11.0707	610.796
11.0804	610.64
11.0883	610.606
11.0976	610.478
11.1025	610.645
11.1142	610.356
11.1189	610.536
11.1283	610.402
11.1353	610.428
11.1479	610.08
11.1546	610.126
11.1643	609.973
11.17	610.086
11.1762	610.165
11.1867	609.959
11.197	609.766
11.2009	609.998
11.2122	609.74
11.2182	609.832
11.2295	609.575
11.2358	609.647
11.2462	609.449
11.252	609.555
11.2623	609.364
11.2674	609.516
11.2747	609.523
11.2838	609.411
11.2932	609.28
11.3048	609.005
11.3098	609.163
11.3164	609.216
11.324	609.203
11.3357	608.923
11.3434	608.904
11.3505	608.924
11.3565	609.016
11.3657	608.899
11.3761	608.705
11.3823	608.784
11.3905	608.733
11.3985	608.695
11.4099	608.436
11.4158	608.534
11.4245	608.451
11.4312	608.498
11.4425	608.247
11.4534	608.023
11.4553	608.378
11.4649	608.238
11.4724	608.232
11.4806	608.182
11.4918	607.94
11.4967	608.101
11.5042	608.096
11.5132	607.995
11.5247	607.735
11.5285	607.966
11.5386	607.795
11.5496	607.567
11.5552	607.684
11.5671	607.399
11.573	607.496
11.5796	607.549
11.5892	607.411
11.5951	607.508
11.6036	607.44
11.6145	607.22
11.6198	607.355
11.629	607.243
11.6403	606.999
11.6432	607.285
11.6514	607.236
11.6642	606.899
11.669	607.064
11.6781	606.959
11.6886	606.767
11.6924	606.995
11.7037	606.753
11.7098	606.837
11.7172	606.839
11.7274	606.666
11.7352	606.644
11.7424	606.658
11.7509	606.592
11.7588	606.563
11.7719	606.212
11.7755	606.45
11.7881	606.13
11.7917	606.369
11.8042	606.055
11.8071	606.336
11.8184	606.098
11.8282	605.953
11.8339	606.06
11.842	606.02
11.848	606.109
11.8594	605.866
11.8675	605.826
11.8779	605.644
11.8858	605.617
11.8939	605.577
11.8971	605.837
11.9062	605.736
11.9182	605.458
11.9217	605.699
11.9323	605.507
11.943	605.309
11.9495	605.367
11.9564	605.401
11.9649	605.337
11.9719	605.365
11.979	605.386
11.9873	605.335
11.9996	605.041
12.0059	605.111
12.0118	605.205
12.0244	604.895
12.0304	604.983
12.0365	605.065
12.0489	604.767
12.0578	604.68
12.061	604.937
12.0692	604.892
12.0788	604.763
12.0878	604.671
12.0937	604.765
12.1053	604.517
12.1148	604.395
12.1195	604.56
12.129	604.439
12.1393	604.27
12.146	604.315
12.1555	604.194
12.1605	604.341
12.1684	604.315
12.179	604.129
12.1849	604.222
12.1921	604.238
12.2031	604.029
12.2128	603.897
12.2166	604.114
12.227	603.941
12.2352	603.898
12.2428	603.89
12.2507	603.865
12.2608	603.71
12.269	603.667
12.2752	603.742
12.2864	603.523
12.2954	603.434
12.3044	603.345
12.3096	603.478
12.315	603.6
12.3273	603.318
12.3357	603.264
12.3417	603.35
12.3501	603.296
12.356	603.388
12.3673	603.166
12.3736	603.235
12.3826	603.146
12.3909	603.099
12.3978	603.132
12.4066	603.056
12.4186	602.794
12.4258	602.811
12.4308	602.954
12.4381	602.965
12.4472	602.872
12.4564	602.773
12.4657	602.668
12.4731	602.673
12.4809	602.655
12.4885	602.648
12.4952	602.694
12.5058	602.515
12.5115	602.618
12.5209	602.508
12.5301	602.41
12.538	602.387
12.549	602.186
12.5569	602.163
12.5607	602.373
12.5733	602.082
12.5771	602.293
12.5853	602.252
12.5935	602.212
12.605	601.984
12.6117	602.029
12.6235	601.785
12.6284	601.932
12.6357	601.944
12.6438	601.909
12.6511	601.92
12.661	601.785
12.6714	601.621
12.6786	601.638
12.6891	601.469
12.6975	601.418
12.7021	601.581
12.7082	601.66
12.7175	601.559
12.7277	601.408
12.7371	601.301
12.7442	601.324
12.7535	601.223
12.7598	601.291
12.7686	601.218
12.777	601.168
12.7879	600.979
12.7891	601.331
12.7996	601.164
12.8097	601.019
12.8146	601.164
12.8275	600.865
12.8379	600.704
12.8419	600.899
12.8474	601.01
12.859	600.784
12.8651	600.862
12.878	600.564
12.8802	600.857
12.8884	600.819
12.8979	600.709
12.9088	600.522
12.9158	600.551
12.925	600.458
12.9308	600.552
12.9375	600.597
12.9508	600.279
12.9558	600.417
12.9636	600.402
12.976	600.134
12.9779	600.441
12.9872	600.344
12.9949	600.334
13.0031	600.296
13.0153	600.041
13.0195	600.222
13.0286	600.136
13.0418	599.827
13.0441	600.111
13.0545	599.954
13.0604	600.042
13.0686	600.005
13.0787	599.865
13.0874	599.801
13.0932	599.895
13.1071	599.55
13.1096	599.821
13.1234	599.483
13.1292	599.576
13.1373	599.545
13.1443	599.573
13.1544	599.435
13.1609	599.49
13.1688	599.47
13.1764	599.466
13.1889	599.199
13.1947	599.292
13.2032	599.24
13.2079	599.391
13.2201	599.141
13.2243	599.319
13.2334	599.235
13.2419	599.184
13.2489	599.212
13.257	599.182
13.269	598.944
13.2773	598.903
13.2825	599.027
13.2901	599.023
13.3024	598.771
13.3093	598.804
13.3169	598.801
13.3245	598.797
13.3349	598.646
13.3438	598.574
13.354	598.434
13.3601	598.51
13.3657	598.612
13.3759	598.471
13.3819	598.552
13.3906	598.491
13.4004	598.373
13.4116	598.181
13.4175	598.267
13.4227	598.389
13.4337	598.208
13.4382	598.367
13.4496	598.166
13.4555	598.252
13.4618	598.316
13.4722	598.167
13.483	597.997
13.4905	598
13.4965	598.08
13.5059	597.984
13.5129	598.012
13.5216	597.952
13.5274	598.043
13.5367	597.952
13.5494	597.685
13.5546	597.806
13.5633	597.747
13.5696	597.811
13.58	597.664
13.5879	597.646
13.5949	597.674
13.6014	597.728
13.6103	597.659
13.6175	597.677
13.6257	597.643
13.6379	597.404
13.6434	597.51
13.6534	597.384
13.6618	597.341
13.6707	597.272
13.6758	597.397
13.6864	597.241
13.6956	597.157
13.7018	597.226
13.7088	597.255
13.7189	597.125
13.7249	597.204
13.7377	596.937
13.7413	597.139
13.7498	597.091
13.7591	597.002
13.7662	597.025
13.7741	597.008
13.7845	596.864
13.7895	596.994
13.7977	596.961
13.8117	596.635
13.8141	596.896
13.8244	596.758
13.8335	596.68
13.8433	596.567
13.8466	596.782
13.8591	596.533
13.8642	596.657
13.8714	596.676
13.883	596.473
13.891	596.451
13.8992	596.419
13.9042	596.548
13.9156	596.355
13.9219	596.419
13.931	596.342
13.9401	596.265
13.9474	596.279
13.9543	596.312
13.965	596.156
13.972	596.184
13.9792	596.202
13.9883	596.126
13.9965	596.095
14.0034	596.128
14.0151	595.923
14.0247	595.822
14.0271	596.079
14.0362	596.003
14.0435	596.016
14.0527	595.936
14.063	595.801
14.0702	595.819
14.0806	595.68
14.0857	595.802
14.0948	595.726
14.1008	595.804
14.1147	595.493
14.1213	595.541
14.1278	595.594
14.1379	595.47
14.142	595.64
14.15	595.619
14.1621	595.398
14.1685	595.455
14.1767	595.425
14.1846	595.409
14.193	595.369
14.1992	595.436
14.2073	595.411
14.2177	595.273
14.2278	595.151
14.2319	595.32
14.2401	595.29
14.2486	595.245
14.2596	595.079
14.2704	594.923
14.2742	595.106
14.2811	595.139
14.2892	595.114
14.2998	594.968
14.3068	594.996
14.3138	595.025
14.3264	594.782
14.3302	594.965
14.3384	594.935
14.3488	594.799
14.3551	594.861
14.3681	594.601
14.3749	594.639
14.3784	594.835
14.3906	594.614
14.3966	594.69
14.4063	594.588
14.4153	594.521
14.4205	594.635
14.4326	594.419
14.4398	594.438
14.4449	594.557
14.4531	594.528
14.4612	594.503
14.4694	594.474
14.4777	594.44
14.488	594.311
14.4949	594.344
14.5074	594.111
14.5125	594.229
14.5198	594.243
14.529	594.167
14.5353	594.229
14.5479	593.991
14.5545	594.038
14.5637	593.963
14.5735	593.858
14.5803	593.896
14.5898	593.806
14.5923	594.047
14.6005	594.018
14.6116	593.853
14.6192	593.853
14.6251	593.933
14.6365	593.754
14.6458	593.674
14.6508	593.796
14.66	593.721
14.6703	593.595
14.6795	593.52
14.6833	593.698
14.6953	593.492
14.7019	593.539
14.708	593.609
14.718	593.497
14.728	593.385
14.7329	593.511
14.7432	593.385
14.7517	593.344
14.7615	593.241
14.7687	593.26
14.7754	593.302
14.7851	593.205
14.789	593.377
14.8013	593.159
14.8082	593.192
14.816	593.183
14.8236	593.183
14.834	593.054
14.8413	593.068
14.8475	593.134
14.8554	593.12
14.8626	593.139
14.8765	592.849
14.8834	592.881
14.8929	592.795
14.8966	592.974
14.9049	592.943
14.914	592.874
14.92	592.948
14.9315	592.77
14.9383	592.807
14.9455	592.826
14.9547	592.753
14.9627	592.735
14.9732	592.603
14.9816	592.567
14.9855	592.737
14.9981	592.509
15.0029	592.638
15.0152	592.424
15.0203	592.539
15.0274	592.562
15.0347	592.576
15.0463	592.395
15.054	592.391
15.0624	592.356
15.0675	592.47
15.0769	592.389
15.086	592.322
15.0986	592.097
15.1015	592.31
15.1107	592.239
15.1179	592.257
15.1292	592.091
15.1371	592.079
15.1455	592.044
15.1535	592.027
15.1598	592.086
15.1657	592.163
15.1759	592.047
15.1822	592.107
15.1914	592.036
15.2017	591.916
15.2118	591.805
15.2171	591.909
15.2296	591.69
15.2343	591.821
15.2423	591.804
15.2486	591.864
15.2609	591.655
15.2668	591.732
15.2762	591.653
15.2815	591.756
15.2906	591.691
15.3009	591.572
15.3071	591.635
15.3141	591.663
15.3258	591.482
15.3366	591.341
15.3375	591.64
15.3498	591.432
15.3545	591.562
15.369	591.258
15.3737	591.388
15.384	591.27
15.3893	591.373
15.4036	591.078
15.4047	591.366
15.4172	591.152
15.4261	591.096
15.4326	591.146
15.4363	591.319
15.4452	591.263
15.4516	591.317
15.4645	591.086
15.474	591.004
15.4845	590.878
15.4864	591.129
15.4956	591.061
15.5019	591.119
15.5108	591.064
15.5224	590.89
15.5262	591.058
15.5356	590.981
15.5479	590.777
15.5501	591.014
15.5591	590.955
15.5694	590.839
15.5763	590.871
15.5868	590.746
15.5917	590.865
15.6043	590.65
15.6119	590.651
15.6195	590.653
15.6245	590.767
15.6358	590.609
15.6427	590.641
15.6495	590.677
15.6585	590.618
15.6667	590.594
15.6736	590.626
15.6843	590.494
15.69	590.577
15.6982	590.553
15.7095	590.396
15.7146	590.505
15.7239	590.434
15.731	590.457
15.7393	590.429
15.7508	590.263
15.7565	590.346
15.7681	590.177
15.772	590.337
15.7826	590.21
15.7883	590.294
15.7978	590.214
15.8067	590.161
15.8129	590.222
15.8252	590.024
15.8293	590.175
15.8421	589.955
15.8482	590.021
15.8567	589.985
15.863	590.042
15.8731	589.938
15.8798	589.978
15.8895	589.891
15.8971	589.893
15.906	589.84
15.9124	589.893
15.9224	589.793
15.9289	589.842
15.9402	589.687
15.9452	589.8
15.9531	589.789
15.9616	589.753
15.9695	589.743
15.978	589.707
15.9849	589.738
15.9954	589.618
16.0014	589.688
16.0139	589.484
16.0221	589.461
16.0291	589.488
16.0379	589.44
16.0466	589.396
16.0514	589.516
16.0601	589.472
16.0679	589.466
16.077	589.406
16.0873	589.295
16.0946	589.31
16.1006	589.379
16.1081	589.386
16.1195	589.229
16.1254	589.303
16.1324	589.33
16.1429	589.211
16.1488	589.285
16.1583	589.208
16.1662	589.198
16.1765	589.088
16.1825	589.157
16.1941	588.993
16.2008	589.033
16.2074	589.077
16.2176	588.972
16.2257	588.954
16.2329	588.973
16.2401	588.992
16.2492	588.932
16.2585	588.864
16.2645	588.933
16.2729	588.903
16.2808	588.893
16.2913	588.776
16.2963	588.885
16.3048	588.851
16.317	588.664
16.3221	588.77
16.3346	588.571
16.3384	588.73
16.3502	588.56
16.3558	588.645
16.3662	588.533
16.3702	588.683
16.3782	588.669
16.3915	588.439
16.3956	588.584
16.405	588.514
16.4157	588.39
16.4224	588.429
16.4283	588.501
16.4367	588.471
16.4474	588.348
16.4557	588.322
16.4639	588.301
16.4696	588.381
16.4766	588.408
16.4877	588.268
16.4928	588.373
16.5045	588.209
16.5115	588.236
16.5209	588.166
16.5267	588.242
16.5381	588.091
16.5421	588.24
16.5521	588.145
16.5643	587.963
16.5678	588.131
16.5791	587.985
16.5874	587.959
16.5946	587.978
16.6025	587.969
16.6075	588.077
16.6182	587.955
16.6239	588.035
16.6344	587.921
16.6444	587.828
16.6507	587.883
16.6586	587.874
16.6671	587.841
16.6764	587.776
16.6813	587.887
16.6917	587.778
16.6977	587.845
16.7078	587.748
16.7175	587.667
16.7232	587.746
16.7304	587.765
16.7386	587.744
16.7509	587.56
16.755	587.702
16.7634	587.674
16.7736	587.573
16.7808	587.592
16.7921	587.448
16.7999	587.444
16.8066	587.483
16.8181	587.331
16.8205	587.541
16.8319	587.393
16.8435	587.238
16.8456	587.459
16.8574	587.296
16.8627	587.39
16.8751	587.204
16.8823	587.223
16.8883	587.289
16.8974	587.233
16.9056	587.213
16.9129	587.228
16.9208	587.22
16.9314	587.105
16.9353	587.254
16.9437	587.226
16.9538	587.131
16.9608	587.158
16.9709	587.063
16.9772	587.117
16.9878	587.003
16.9928	587.108
17.0021	587.045
17.0104	587.021
17.0222	586.86
17.0253	587.039
17.0367	586.894
17.0448	586.878
17.05	586.975
17.0594	586.908
17.0676	586.888
17.0745	586.919
17.0846	586.825
17.0931	586.794
17.0991	586.859
17.1114	586.68
17.1193	586.672
17.1258	586.718
17.1318	586.784
17.1428	586.656
17.1514	586.62
17.1583	586.651
17.1647	586.701
17.1782	586.476
17.1829	586.592
17.1892	586.646
17.1983	586.591
17.2113	586.387
17.2159	586.506
17.2219	586.571
17.2362	586.317
17.2411	586.424
17.2494	586.401
17.2548	586.489
17.2661	586.351
17.2745	586.323
17.2839	586.258
17.2907	586.292
17.2967	586.357
17.3061	586.292
17.3142	586.277
17.3243	586.185
17.3307	586.234
17.341	586.135
17.3468	586.207
17.355	586.188
17.3612	586.245
17.3748	586.02
17.38	586.115
17.3902	586.02
17.394	586.168
17.4047	586.054
17.4114	586.092
17.4189	586.1
17.4306	585.948
17.438	585.959
17.4432	586.054
17.4535	585.955
17.4605	585.982
17.4709	585.88
17.4788	585.872
17.4853	585.917
17.4957	585.815
17.5048	585.763
17.5128	585.751
17.5191	585.804
17.5291	585.718
17.5336	585.838
17.5425	585.793
17.5511	585.759
17.5579	585.793
17.5662	585.771
17.5752	585.722
17.5858	585.613
17.5947	585.568
17.599	585.696
17.6102	585.565
17.6165	585.618
17.6243	585.614
17.6371	585.423
17.6407	585.577
17.6482	585.585
17.6571	585.54
17.6655	585.514
17.6725	585.54
17.6807	585.522
17.6901	585.459
17.6974	585.474
17.7053	585.467
17.7166	585.333
17.7251	585.303
17.7301	585.404
17.7391	585.356
17.7487	585.286
17.7545	585.357
17.7648	585.26
17.7708	585.324
17.779	585.306
17.7882	585.25
17.7956	585.262
17.8095	585.032
17.8152	585.107
17.8209	585.181
17.8313	585.082
17.8389	585.086
17.846	585.109
17.8565	585.006
17.8619	585.091
17.8701	585.073
17.8795	585.011
17.8896	584.923
17.8959	584.975
17.9028	585.005
17.9104	585.009
17.9227	584.84
17.9295	584.874
17.9358	584.926
17.9447	584.882
17.9545	584.806
17.9617	584.825
17.9684	584.862
17.98	584.72
17.9859	584.786
17.9943	584.761
18.0011	584.795
18.0115	584.697
18.0176	584.756
18.0279	584.661
18.0352	584.677
18.0433	584.663
18.0524	584.612
18.0607	584.591
18.0658	584.686
18.0751	584.629
18.086	584.513
18.0946	584.481
18.1042	584.413
18.1116	584.424
18.1208	584.371
18.123	584.571
18.1313	584.55
18.1427	584.416
18.1529	584.327
18.158	584.422
18.166	584.411
18.1735	584.419
18.1848	584.29
18.1909	584.349
18.1996	584.313
18.205	584.397
18.2151	584.311
18.2223	584.33
18.2339	584.19
18.238	584.321
18.2493	584.192
18.2585	584.139
18.2652	584.176
18.2737	584.148
18.2831	584.088
18.2869	584.229
18.2964	584.165
18.3036	584.184
18.3134	584.109
18.3209	584.117
18.3307	584.043
18.3373	584.083
18.3464	584.034
18.3568	583.939
18.3629	583.997
18.3721	583.944
18.3802	583.931
18.3909	583.825
18.3963	583.908
18.4057	583.848
18.4141	583.824
18.418	583.961
18.4295	583.826
18.4374	583.82
18.4438	583.867
18.4511	583.883
18.4658	583.635
18.4689	583.8
18.4772	583.779
18.4857	583.752
18.4935	583.749
18.5003	583.782
18.5125	583.624
18.5187	583.678
18.5294	583.573
18.5364	583.599
18.5409	583.713
18.5524	583.58
18.5613	583.539
18.5698	583.512
18.5755	583.584
18.5852	583.514
18.5929	583.515
18.6026	583.446
18.6096	583.472
18.6159	583.522
18.625	583.474
18.6329	583.469
18.6411	583.452
18.6492	583.439
18.6567	583.447
18.6638	583.47
18.6763	583.303
18.6845	583.287
18.6917	583.305
18.6999	583.289
18.7057	583.357
18.7138	583.344
18.7212	583.356
18.7316	583.263
18.7394	583.26
18.7457	583.31
18.7573	583.176
18.7633	583.236
18.7722	583.196
18.7796	583.208
18.791	583.08
18.7951	583.207
18.803	583.201
18.8137	583.098
18.8218	583.086
18.8278	583.146
18.8415	582.939
18.8484	582.968
18.8523	583.101
18.8657	582.905
18.8695	583.042
18.8789	582.984
18.8881	582.934
18.8943	582.987
18.9013	583.012
18.9119	582.914
18.9218	582.839
18.928	582.892
18.9341	582.949
18.9422	582.937
18.9536	582.811
18.959	582.891
18.9703	582.769
18.9762	582.832
18.9845	582.813
18.9937	582.763
19.0007	582.788
19.0078	582.81
19.017	582.76
19.027	582.683
19.0365	582.623
19.0428	582.672
19.0498	582.698
19.0582	582.675
19.0677	582.615
19.0743	582.654
19.0837	582.598
19.0941	582.507
19.1001	582.567
19.1095	582.511
19.1168	582.526
19.1246	582.524
19.1316	582.549
19.1391	582.558
19.1483	582.508
19.1566	582.489
19.1656	582.447
19.1729	582.462
19.1808	582.457
19.1914	582.36
19.1972	582.426
19.2076	582.336
19.2158	582.321
19.2208	582.414
19.2303	582.355
19.2414	582.241
19.2455	582.365
19.2545	582.322
19.2628	582.304
19.2742	582.181
19.2782	582.307
19.2885	582.221
19.2976	582.176
19.3037	582.231
19.3141	582.142
19.3213	582.16
19.3301	582.125
19.3398	582.06
19.3458	582.118
19.3553	582.06
19.3632	582.055
19.3732	581.979
19.3796	582.025
19.3868	582.043
19.4	581.861
19.401	582.087
19.4157	581.855
19.4206	581.95
19.4257	582.039
19.4368	581.927
19.4423	582.002
19.4514	581.957
19.4594	581.949
19.4727	581.764
19.4757	581.922
19.4829	581.941
19.4943	581.82
19.5033	581.778
19.5094	581.833
19.5157	581.881
19.5273	581.754
19.5365	581.706
19.5423	581.771
19.5497	581.783
19.5577	581.774
19.5649	581.793
19.5772	581.642
19.5856	581.621
19.5928	581.64
19.5989	581.694
19.6079	581.653
19.6152	581.668
19.6232	581.66
19.6318	581.633
19.6396	581.631
19.6502	581.537
19.6559	581.605
19.6654	581.548
19.6714	581.606
19.682	581.512
19.6933	581.396
19.6982	581.49
19.7054	581.508
19.7167	581.392
19.7234	581.427
19.7328	581.373
19.741	581.359
19.7451	581.479
19.7571	581.34
19.7658	581.309
19.7729	581.331
19.781	581.32
19.7861	581.407
19.7961	581.333
19.8034	581.348
19.8138	581.262
19.8232	581.209
19.8294	581.26
19.838	581.233
19.8456	581.238
19.8526	581.263
19.862	581.209
19.8679	581.27
19.8762	581.253
19.8881	581.118
19.8925	581.227
19.9027	581.148
19.9099	581.166
19.921	581.058
19.9274	581.103
19.9357	581.085
19.9426	581.113
19.9509	581.096
19.9605	581.036
19.9695	580.997
19.9754	581.057
19.9836	581.043
19.9908	581.061
19.9991	581.044
