% time	cellId	IMSI	frame	sframe	RNTI	mcsTb1	sizeTb1	mcsTb2	sizeTb2	ccId
0.021	1	11	3	2	1	0	19	0	0	0
0.021	1	11	3	2	1	0	19	0	0	1
0.022	1	11	3	3	1	0	19	0	0	0
0.022	1	11	3	3	1	0	19	0	0	1
0.023	1	11	3	4	1	0	19	0	0	0
0.023	1	11	3	4	1	0	19	0	0	1
0.024	1	11	3	5	1	0	19	0	0	0
0.024	1	11	3	5	1	0	19	0	0	1
0.025	1	11	3	6	1	0	19	0	0	0
0.025	1	11	3	6	1	0	19	0	0	1
0.026	1	3	3	7	10	0	19	0	0	0
0.026	1	3	3	7	10	0	19	0	0	1
0.027	1	11	3	8	1	28	549	0	0	0
0.027	1	11	3	8	1	28	549	0	0	1
0.028	1	11	3	9	1	28	549	0	0	0
0.028	1	11	3	9	1	28	549	0	0	1
0.029	1	3	3	10	10	0	19	0	0	0
0.029	1	3	3	10	10	0	19	0	0	1
0.03	1	11	4	1	1	28	549	0	0	0
0.03	1	11	4	1	1	28	549	0	0	1
0.031	1	3	4	2	10	28	549	0	0	0
0.031	1	3	4	2	10	28	549	0	0	1
0.032	1	6	4	3	20	0	19	0	0	0
0.032	1	6	4	3	20	0	19	0	0	1
0.033	1	3	4	4	10	28	549	0	0	0
0.033	1	3	4	4	10	28	549	0	0	1
0.034	1	6	4	5	20	0	19	0	0	0
0.034	1	6	4	5	20	0	19	0	0	1
0.035	1	3	4	6	10	28	549	0	0	0
0.035	1	3	4	6	10	28	549	0	0	1
0.036	1	11	4	7	1	28	549	0	0	0
0.036	1	11	4	7	1	28	549	0	0	1
0.037	1	6	4	8	20	28	549	0	0	0
0.037	1	6	4	8	20	28	549	0	0	1
0.038	1	10	4	9	31	0	19	0	0	0
0.038	1	10	4	9	31	0	19	0	0	1
0.039	1	6	4	10	20	28	549	0	0	0
0.039	1	6	4	10	20	28	549	0	0	1
0.04	1	10	5	1	31	0	19	0	0	0
0.04	1	10	5	1	31	0	19	0	0	1
0.041	1	6	5	2	20	28	549	0	0	0
0.041	1	6	5	2	20	28	549	0	0	1
0.042	1	3	5	3	10	28	549	0	0	0
0.042	1	3	5	3	10	28	549	0	0	1
0.043	1	10	5	4	31	28	549	0	0	0
0.043	1	10	5	4	31	28	549	0	0	1
0.044	1	1	5	5	39	0	19	0	0	0
0.044	1	1	5	5	39	0	19	0	0	1
0.045	1	10	5	6	31	28	549	0	0	0
0.045	1	10	5	6	31	28	549	0	0	1
0.046	1	1	5	7	39	0	19	0	0	0
0.046	1	1	5	7	39	0	19	0	0	1
0.047	1	10	5	8	31	28	549	0	0	0
0.047	1	10	5	8	31	28	549	0	0	1
0.048	1	6	5	9	20	28	549	0	0	0
0.048	1	6	5	9	20	28	549	0	0	1
0.049	1	1	5	10	39	28	549	0	0	0
0.049	1	1	5	10	39	28	549	0	0	1
0.05	1	4	6	1	44	0	19	0	0	0
0.05	1	4	6	1	44	0	19	0	0	1
0.051	1	1	6	2	39	28	549	0	0	0
0.051	1	1	6	2	39	28	549	0	0	1
0.052	1	4	6	3	44	0	19	0	0	0
0.052	1	4	6	3	44	0	19	0	0	1
0.053	1	1	6	4	39	28	549	0	0	0
0.053	1	1	6	4	39	28	549	0	0	1
0.054	1	10	6	5	31	28	549	0	0	0
0.054	1	10	6	5	31	28	549	0	0	1
0.055	1	4	6	6	44	28	549	0	0	0
0.055	1	4	6	6	44	28	549	0	0	1
0.056	1	7	6	7	52	0	19	0	0	0
0.056	1	7	6	7	52	0	19	0	0	1
0.057	1	4	6	8	44	28	549	0	0	0
0.057	1	4	6	8	44	28	549	0	0	1
0.058	1	7	6	9	52	0	19	0	0	0
0.058	1	7	6	9	52	0	19	0	0	1
0.059	1	4	6	10	44	28	549	0	0	0
0.059	1	4	6	10	44	28	549	0	0	1
0.06	1	1	7	1	39	28	549	0	0	0
0.06	1	1	7	1	39	28	549	0	0	1
0.061	1	7	7	2	52	28	549	0	0	0
0.061	1	7	7	2	52	28	549	0	0	1
0.062	1	12	7	3	59	0	19	0	0	0
0.062	1	12	7	3	59	0	19	0	0	1
0.063	1	7	7	4	52	28	549	0	0	0
0.063	1	7	7	4	52	28	549	0	0	1
0.064	1	12	7	5	59	0	19	0	0	0
0.064	1	12	7	5	59	0	19	0	0	1
0.065	1	7	7	6	52	28	549	0	0	0
0.065	1	7	7	6	52	28	549	0	0	1
0.066	1	4	7	7	44	28	549	0	0	0
0.066	1	4	7	7	44	28	549	0	0	1
0.067	1	12	7	8	59	28	549	0	0	0
0.067	1	12	7	8	59	28	549	0	0	1
0.068	1	9	7	9	65	0	19	0	0	0
0.068	1	9	7	9	65	0	19	0	0	1
0.069	1	12	7	10	59	28	549	0	0	0
0.069	1	12	7	10	59	28	549	0	0	1
0.07	1	9	8	1	65	0	19	0	0	0
0.07	1	9	8	1	65	0	19	0	0	1
0.071	1	12	8	2	59	28	549	0	0	0
0.071	1	12	8	2	59	28	549	0	0	1
0.072	1	11	8	3	1	28	549	0	0	0
0.072	1	11	8	3	1	28	549	0	0	1
0.073	1	9	8	4	65	28	549	0	0	0
0.073	1	9	8	4	65	28	549	0	0	1
0.074	1	14	8	5	72	0	19	0	0	0
0.074	1	14	8	5	72	0	19	0	0	1
0.075	1	9	8	6	65	28	549	0	0	0
0.075	1	9	8	6	65	28	549	0	0	1
0.076	1	14	8	7	72	0	19	0	0	0
0.076	1	14	8	7	72	0	19	0	0	1
0.077	1	9	8	8	65	28	549	0	0	0
0.077	1	9	8	8	65	28	549	0	0	1
0.078	1	7	8	9	52	28	549	0	0	0
0.078	1	7	8	9	52	28	549	0	0	1
0.079	1	14	8	10	72	28	549	0	0	0
0.079	1	14	8	10	72	28	549	0	0	1
0.08	1	5	9	1	78	0	19	0	0	0
0.08	1	5	9	1	78	0	19	0	0	1
0.081	1	14	9	2	72	28	549	0	0	0
0.081	1	14	9	2	72	28	549	0	0	1
0.082	1	5	9	3	78	0	19	0	0	0
0.082	1	5	9	3	78	0	19	0	0	1
0.083	1	14	9	4	72	28	549	0	0	0
0.083	1	14	9	4	72	28	549	0	0	1
0.084	1	3	9	5	10	28	549	0	0	0
0.084	1	3	9	5	10	28	549	0	0	1
0.085	1	5	9	6	78	28	549	0	0	0
0.085	1	5	9	6	78	28	549	0	0	1
0.086	1	8	9	7	83	0	19	0	0	0
0.086	1	8	9	7	83	0	19	0	0	1
0.087	1	5	9	8	78	28	549	0	0	0
0.087	1	5	9	8	78	28	549	0	0	1
0.088	1	8	9	9	83	0	19	0	0	0
0.088	1	8	9	9	83	0	19	0	0	1
0.089	1	5	9	10	78	28	549	0	0	0
0.089	1	5	9	10	78	28	549	0	0	1
0.09	1	12	10	1	59	28	549	0	0	0
0.09	1	12	10	1	59	28	549	0	0	1
0.091	1	8	10	2	83	28	549	0	0	0
0.091	1	8	10	2	83	28	549	0	0	1
0.092	1	13	10	3	87	0	19	0	0	0
0.092	1	13	10	3	87	0	19	0	0	1
0.093	1	8	10	4	83	28	549	0	0	0
0.093	1	8	10	4	83	28	549	0	0	1
0.094	1	13	10	5	87	0	19	0	0	0
0.094	1	13	10	5	87	0	19	0	0	1
0.095	1	8	10	6	83	28	549	0	0	0
0.095	1	8	10	6	83	28	549	0	0	1
0.096	1	6	10	7	20	28	549	0	0	0
0.096	1	6	10	7	20	28	549	0	0	1
0.097	1	13	10	8	87	28	549	0	0	0
0.097	1	13	10	8	87	28	549	0	0	1
0.098	1	2	10	9	90	0	19	0	0	0
0.098	1	2	10	9	90	0	19	0	0	1
0.099	1	13	10	10	87	28	549	0	0	0
0.099	1	13	10	10	87	28	549	0	0	1
0.1	1	2	11	1	90	0	19	0	0	0
0.1	1	2	11	1	90	0	19	0	0	1
0.101	1	13	11	2	87	28	549	0	0	0
0.101	1	13	11	2	87	28	549	0	0	1
0.102	1	9	11	3	65	28	549	0	0	0
0.102	1	9	11	3	65	28	549	0	0	1
0.103	1	2	11	4	90	28	549	0	0	0
0.103	1	2	11	4	90	28	549	0	0	1
0.104	1	15	11	5	92	0	19	0	0	0
0.104	1	15	11	5	92	0	19	0	0	1
0.105	1	2	11	6	90	28	549	0	0	0
0.105	1	2	11	6	90	28	549	0	0	1
0.106	1	15	11	7	92	0	19	0	0	0
0.106	1	15	11	7	92	0	19	0	0	1
0.107	1	2	11	8	90	28	549	0	0	0
0.107	1	2	11	8	90	28	549	0	0	1
0.108	1	10	11	9	31	28	549	0	0	0
0.108	1	10	11	9	31	28	549	0	0	1
0.109	1	15	11	10	92	28	549	0	0	0
0.109	1	15	11	10	92	28	549	0	0	1
0.11	1	15	12	1	92	28	549	0	0	0
0.11	1	15	12	1	92	28	549	0	0	1
0.111	1	15	12	2	92	28	549	0	0	0
0.111	1	15	12	2	92	28	549	0	0	1
0.112	1	14	12	3	72	28	549	0	0	0
0.112	1	14	12	3	72	28	549	0	0	1
0.113	1	1	12	4	39	28	549	0	0	0
0.113	1	1	12	4	39	28	549	0	0	1
0.114	1	5	12	5	78	28	549	0	0	0
0.114	1	5	12	5	78	28	549	0	0	1
0.115	1	4	12	6	44	28	549	0	0	0
0.115	1	4	12	6	44	28	549	0	0	1
0.116	1	11	12	7	1	28	549	0	0	0
0.116	1	11	12	7	1	28	549	0	0	1
0.117	1	8	12	8	83	28	549	0	0	0
0.117	1	8	12	8	83	28	549	0	0	1
0.118	1	7	12	9	52	28	549	0	0	0
0.118	1	7	12	9	52	28	549	0	0	1
0.119	1	3	12	10	10	28	549	0	0	0
0.119	1	3	12	10	10	28	549	0	0	1
0.12	1	13	13	1	87	28	549	0	0	0
0.12	1	13	13	1	87	28	549	0	0	1
0.121	1	12	13	2	59	28	549	0	0	0
0.121	1	12	13	2	59	28	549	0	0	1
0.122	1	6	13	3	20	28	549	0	0	0
0.122	1	6	13	3	20	28	549	0	0	1
0.123	1	2	13	4	90	28	549	0	0	0
0.123	1	2	13	4	90	28	549	0	0	1
0.124	1	15	13	5	92	28	549	0	0	0
0.124	1	15	13	5	92	28	549	0	0	1
0.125	1	9	13	6	65	28	549	0	0	0
0.125	1	9	13	6	65	28	549	0	0	1
0.126	1	10	13	7	31	28	549	0	0	0
0.126	1	10	13	7	31	28	549	0	0	1
0.127	1	14	13	8	72	28	549	0	0	0
0.127	1	14	13	8	72	28	549	0	0	1
0.128	1	1	13	9	39	28	549	0	0	0
0.128	1	1	13	9	39	28	549	0	0	1
0.129	1	5	13	10	78	28	549	0	0	0
0.129	1	5	13	10	78	28	549	0	0	1
0.13	1	4	14	1	44	28	549	0	0	0
0.13	1	4	14	1	44	28	549	0	0	1
0.131	1	11	14	2	1	28	549	0	0	0
0.131	1	11	14	2	1	28	549	0	0	1
0.132	1	8	14	3	83	28	549	0	0	0
0.132	1	8	14	3	83	28	549	0	0	1
0.133	1	7	14	4	52	28	549	0	0	0
0.133	1	7	14	4	52	28	549	0	0	1
0.134	1	3	14	5	10	28	549	0	0	0
0.134	1	3	14	5	10	28	549	0	0	1
0.135	1	13	14	6	87	28	549	0	0	0
0.135	1	13	14	6	87	28	549	0	0	1
0.136	1	12	14	7	59	28	549	0	0	0
0.136	1	12	14	7	59	28	549	0	0	1
0.137	1	6	14	8	20	28	549	0	0	0
0.137	1	6	14	8	20	28	549	0	0	1
0.138	1	2	14	9	90	28	549	0	0	0
0.138	1	2	14	9	90	28	549	0	0	1
0.139	1	15	14	10	92	28	549	0	0	0
0.139	1	15	14	10	92	28	549	0	0	1
0.14	1	9	15	1	65	28	549	0	0	0
0.14	1	9	15	1	65	28	549	0	0	1
0.141	1	10	15	2	31	28	549	0	0	0
0.141	1	10	15	2	31	28	549	0	0	1
0.142	1	14	15	3	72	28	549	0	0	0
0.142	1	14	15	3	72	28	549	0	0	1
0.143	1	1	15	4	39	28	549	0	0	0
0.143	1	1	15	4	39	28	549	0	0	1
0.144	1	5	15	5	78	28	549	0	0	0
0.144	1	5	15	5	78	28	549	0	0	1
0.145	1	4	15	6	44	28	549	0	0	0
0.145	1	4	15	6	44	28	549	0	0	1
0.146	1	11	15	7	1	28	549	0	0	0
0.146	1	11	15	7	1	28	549	0	0	1
0.147	1	8	15	8	83	28	549	0	0	0
0.147	1	8	15	8	83	28	549	0	0	1
0.148	1	7	15	9	52	28	549	0	0	0
0.148	1	7	15	9	52	28	549	0	0	1
0.149	1	3	15	10	10	28	549	0	0	0
0.149	1	3	15	10	10	28	549	0	0	1
0.15	1	13	16	1	87	28	549	0	0	0
0.15	1	13	16	1	87	28	549	0	0	1
0.151	1	12	16	2	59	28	549	0	0	0
0.151	1	12	16	2	59	28	549	0	0	1
0.152	1	6	16	3	20	28	549	0	0	0
0.152	1	6	16	3	20	28	549	0	0	1
0.153	1	2	16	4	90	28	549	0	0	0
0.153	1	2	16	4	90	28	549	0	0	1
0.154	1	15	16	5	92	28	549	0	0	0
0.154	1	15	16	5	92	28	549	0	0	1
0.155	1	9	16	6	65	28	549	0	0	0
0.155	1	9	16	6	65	28	549	0	0	1
0.156	1	10	16	7	31	28	549	0	0	0
0.156	1	10	16	7	31	28	549	0	0	1
0.157	1	14	16	8	72	28	549	0	0	0
0.157	1	14	16	8	72	28	549	0	0	1
0.158	1	1	16	9	39	28	549	0	0	0
0.158	1	1	16	9	39	28	549	0	0	1
0.159	1	5	16	10	78	28	549	0	0	0
0.159	1	5	16	10	78	28	549	0	0	1
0.16	1	4	17	1	44	28	549	0	0	0
0.16	1	4	17	1	44	28	549	0	0	1
0.161	1	11	17	2	1	28	549	0	0	0
0.161	1	11	17	2	1	28	549	0	0	1
0.162	1	8	17	3	83	28	549	0	0	0
0.162	1	8	17	3	83	28	549	0	0	1
0.163	1	7	17	4	52	28	549	0	0	0
0.163	1	7	17	4	52	28	549	0	0	1
0.164	1	3	17	5	10	28	549	0	0	0
0.164	1	3	17	5	10	28	549	0	0	1
0.165	1	13	17	6	87	28	549	0	0	0
0.165	1	13	17	6	87	28	549	0	0	1
0.166	1	12	17	7	59	28	549	0	0	0
0.166	1	12	17	7	59	28	549	0	0	1
0.167	1	6	17	8	20	28	549	0	0	0
0.167	1	6	17	8	20	28	549	0	0	1
0.168	1	2	17	9	90	28	549	0	0	0
0.168	1	2	17	9	90	28	549	0	0	1
0.169	1	15	17	10	92	28	549	0	0	0
0.169	1	15	17	10	92	28	549	0	0	1
0.17	1	9	18	1	65	28	549	0	0	0
0.17	1	9	18	1	65	28	549	0	0	1
0.171	1	10	18	2	31	28	549	0	0	0
0.171	1	10	18	2	31	28	549	0	0	1
0.172	1	14	18	3	72	28	549	0	0	0
0.172	1	14	18	3	72	28	549	0	0	1
0.173	1	1	18	4	39	28	549	0	0	0
0.173	1	1	18	4	39	28	549	0	0	1
0.174	1	5	18	5	78	28	549	0	0	0
0.174	1	5	18	5	78	28	549	0	0	1
0.175	1	4	18	6	44	28	549	0	0	0
0.175	1	4	18	6	44	28	549	0	0	1
0.176	1	11	18	7	1	28	549	0	0	0
0.176	1	11	18	7	1	28	549	0	0	1
0.177	1	8	18	8	83	28	549	0	0	0
0.177	1	8	18	8	83	28	549	0	0	1
0.178	1	7	18	9	52	28	549	0	0	0
0.178	1	7	18	9	52	28	549	0	0	1
0.179	1	3	18	10	10	28	549	0	0	0
0.179	1	3	18	10	10	28	549	0	0	1
0.18	1	13	19	1	87	28	549	0	0	0
0.18	1	13	19	1	87	28	549	0	0	1
0.181	1	12	19	2	59	28	549	0	0	0
0.181	1	12	19	2	59	28	549	0	0	1
0.182	1	6	19	3	20	28	549	0	0	0
0.182	1	6	19	3	20	28	549	0	0	1
0.183	1	2	19	4	90	28	549	0	0	0
0.183	1	2	19	4	90	28	549	0	0	1
0.184	1	15	19	5	92	28	549	0	0	0
0.184	1	15	19	5	92	28	549	0	0	1
0.185	1	9	19	6	65	28	549	0	0	0
0.185	1	9	19	6	65	28	549	0	0	1
0.186	1	10	19	7	31	28	549	0	0	0
0.186	1	10	19	7	31	28	549	0	0	1
0.187	1	14	19	8	72	28	549	0	0	0
0.187	1	14	19	8	72	28	549	0	0	1
0.188	1	1	19	9	39	28	549	0	0	0
0.188	1	1	19	9	39	28	549	0	0	1
0.189	1	5	19	10	78	28	549	0	0	0
0.189	1	5	19	10	78	28	549	0	0	1
0.19	1	4	20	1	44	28	549	0	0	0
0.19	1	4	20	1	44	28	549	0	0	1
0.191	1	11	20	2	1	28	549	0	0	0
0.191	1	11	20	2	1	28	549	0	0	1
0.192	1	8	20	3	83	28	549	0	0	0
0.192	1	8	20	3	83	28	549	0	0	1
0.193	1	7	20	4	52	28	549	0	0	0
0.193	1	7	20	4	52	28	549	0	0	1
0.194	1	3	20	5	10	28	549	0	0	0
0.194	1	3	20	5	10	28	549	0	0	1
0.195	1	13	20	6	87	28	549	0	0	0
0.195	1	13	20	6	87	28	549	0	0	1
0.196	1	12	20	7	59	28	549	0	0	0
0.196	1	12	20	7	59	28	549	0	0	1
0.197	1	6	20	8	20	28	549	0	0	0
0.197	1	6	20	8	20	28	549	0	0	1
0.198	1	2	20	9	90	28	549	0	0	0
0.198	1	2	20	9	90	28	549	0	0	1
0.199	1	15	20	10	92	28	549	0	0	0
0.199	1	15	20	10	92	28	549	0	0	1
0.2	1	9	21	1	65	28	549	0	0	0
0.2	1	9	21	1	65	28	549	0	0	1
0.201	1	10	21	2	31	28	549	0	0	0
0.201	1	10	21	2	31	28	549	0	0	1
0.202	1	14	21	3	72	28	549	0	0	0
0.202	1	14	21	3	72	28	549	0	0	1
0.203	1	1	21	4	39	28	549	0	0	0
0.203	1	1	21	4	39	28	549	0	0	1
0.204	1	5	21	5	78	28	549	0	0	0
0.204	1	5	21	5	78	28	549	0	0	1
0.205	1	4	21	6	44	28	549	0	0	0
0.205	1	4	21	6	44	28	549	0	0	1
0.206	1	11	21	7	1	28	549	0	0	0
0.206	1	11	21	7	1	28	549	0	0	1
0.207	1	8	21	8	83	28	549	0	0	0
0.207	1	8	21	8	83	28	549	0	0	1
0.208	1	7	21	9	52	28	549	0	0	0
0.208	1	7	21	9	52	28	549	0	0	1
0.209	1	3	21	10	10	28	549	0	0	0
0.209	1	3	21	10	10	28	549	0	0	1
0.21	1	13	22	1	87	28	549	0	0	0
0.21	1	13	22	1	87	28	549	0	0	1
0.211	1	12	22	2	59	28	549	0	0	0
0.211	1	12	22	2	59	28	549	0	0	1
0.212	1	6	22	3	20	28	549	0	0	0
0.212	1	6	22	3	20	28	549	0	0	1
0.213	1	2	22	4	90	28	549	0	0	0
0.213	1	2	22	4	90	28	549	0	0	1
0.214	1	15	22	5	92	28	549	0	0	0
0.214	1	15	22	5	92	28	549	0	0	1
0.215	1	9	22	6	65	28	549	0	0	0
0.215	1	9	22	6	65	28	549	0	0	1
0.216	1	10	22	7	31	28	549	0	0	0
0.216	1	10	22	7	31	28	549	0	0	1
0.217	1	14	22	8	72	28	549	0	0	0
0.217	1	14	22	8	72	28	549	0	0	1
0.218	1	1	22	9	39	28	549	0	0	0
0.218	1	1	22	9	39	28	549	0	0	1
0.219	1	5	22	10	78	28	549	0	0	0
0.219	1	5	22	10	78	28	549	0	0	1
0.22	1	4	23	1	44	28	549	0	0	0
0.22	1	4	23	1	44	28	549	0	0	1
0.221	1	11	23	2	1	28	549	0	0	0
0.221	1	11	23	2	1	28	549	0	0	1
0.222	1	8	23	3	83	28	549	0	0	0
0.222	1	8	23	3	83	28	549	0	0	1
0.223	1	7	23	4	52	28	549	0	0	0
0.223	1	7	23	4	52	28	549	0	0	1
0.224	1	3	23	5	10	28	549	0	0	0
0.224	1	3	23	5	10	28	549	0	0	1
0.225	1	13	23	6	87	28	549	0	0	0
0.225	1	13	23	6	87	28	549	0	0	1
0.226	1	12	23	7	59	28	549	0	0	0
0.226	1	12	23	7	59	28	549	0	0	1
0.227	1	6	23	8	20	28	549	0	0	0
0.227	1	6	23	8	20	28	549	0	0	1
0.228	1	2	23	9	90	28	549	0	0	0
0.228	1	2	23	9	90	28	549	0	0	1
0.229	1	15	23	10	92	28	549	0	0	0
0.229	1	15	23	10	92	28	549	0	0	1
0.23	1	9	24	1	65	28	549	0	0	0
0.23	1	9	24	1	65	28	549	0	0	1
0.231	1	10	24	2	31	28	549	0	0	0
0.231	1	10	24	2	31	28	549	0	0	1
0.232	1	14	24	3	72	28	549	0	0	0
0.232	1	14	24	3	72	28	549	0	0	1
0.233	1	1	24	4	39	28	549	0	0	0
0.233	1	1	24	4	39	28	549	0	0	1
0.234	1	5	24	5	78	28	549	0	0	0
0.234	1	5	24	5	78	28	549	0	0	1
0.235	1	4	24	6	44	28	549	0	0	0
0.235	1	4	24	6	44	28	549	0	0	1
0.236	1	11	24	7	1	28	549	0	0	0
0.236	1	11	24	7	1	28	549	0	0	1
0.237	1	8	24	8	83	28	549	0	0	0
0.237	1	8	24	8	83	28	549	0	0	1
0.238	1	7	24	9	52	28	549	0	0	0
0.238	1	7	24	9	52	28	549	0	0	1
0.239	1	3	24	10	10	28	549	0	0	0
0.239	1	3	24	10	10	28	549	0	0	1
0.24	1	13	25	1	87	28	549	0	0	0
0.24	1	13	25	1	87	28	549	0	0	1
0.241	1	12	25	2	59	28	549	0	0	0
0.241	1	12	25	2	59	28	549	0	0	1
0.242	1	6	25	3	20	28	549	0	0	0
0.242	1	6	25	3	20	28	549	0	0	1
0.243	1	2	25	4	90	28	549	0	0	0
0.243	1	2	25	4	90	28	549	0	0	1
0.244	1	15	25	5	92	28	549	0	0	0
0.244	1	15	25	5	92	28	549	0	0	1
0.245	1	9	25	6	65	28	549	0	0	0
0.245	1	9	25	6	65	28	549	0	0	1
0.246	1	10	25	7	31	28	549	0	0	0
0.246	1	10	25	7	31	28	549	0	0	1
0.247	1	14	25	8	72	28	549	0	0	0
0.247	1	14	25	8	72	28	549	0	0	1
0.248	1	1	25	9	39	28	549	0	0	0
0.248	1	1	25	9	39	28	549	0	0	1
0.249	1	5	25	10	78	28	549	0	0	0
0.249	1	5	25	10	78	28	549	0	0	1
0.25	1	4	26	1	44	28	549	0	0	0
0.25	1	4	26	1	44	28	549	0	0	1
0.251	1	11	26	2	1	28	549	0	0	0
0.251	1	11	26	2	1	28	549	0	0	1
0.252	1	8	26	3	83	28	549	0	0	0
0.252	1	8	26	3	83	28	549	0	0	1
0.253	1	7	26	4	52	28	549	0	0	0
0.253	1	7	26	4	52	28	549	0	0	1
0.254	1	3	26	5	10	28	549	0	0	0
0.254	1	3	26	5	10	28	549	0	0	1
0.255	1	13	26	6	87	28	549	0	0	0
0.255	1	13	26	6	87	28	549	0	0	1
0.256	1	12	26	7	59	28	549	0	0	0
0.256	1	12	26	7	59	28	549	0	0	1
0.257	1	6	26	8	20	28	549	0	0	0
0.257	1	6	26	8	20	28	549	0	0	1
0.258	1	2	26	9	90	28	549	0	0	0
0.258	1	2	26	9	90	28	549	0	0	1
0.259	1	15	26	10	92	28	549	0	0	0
0.259	1	15	26	10	92	28	549	0	0	1
0.26	1	9	27	1	65	28	549	0	0	0
0.26	1	9	27	1	65	28	549	0	0	1
0.261	1	10	27	2	31	28	549	0	0	0
0.261	1	10	27	2	31	28	549	0	0	1
0.262	1	14	27	3	72	28	549	0	0	0
0.262	1	14	27	3	72	28	549	0	0	1
0.263	1	1	27	4	39	28	549	0	0	0
0.263	1	1	27	4	39	28	549	0	0	1
0.264	1	5	27	5	78	28	549	0	0	0
0.264	1	5	27	5	78	28	549	0	0	1
0.265	1	4	27	6	44	28	549	0	0	0
0.265	1	4	27	6	44	28	549	0	0	1
0.266	1	11	27	7	1	28	549	0	0	0
0.266	1	11	27	7	1	28	549	0	0	1
0.267	1	8	27	8	83	28	549	0	0	0
0.267	1	8	27	8	83	28	549	0	0	1
0.268	1	7	27	9	52	28	549	0	0	0
0.268	1	7	27	9	52	28	549	0	0	1
0.269	1	3	27	10	10	28	549	0	0	0
0.269	1	3	27	10	10	28	549	0	0	1
0.27	1	13	28	1	87	28	549	0	0	0
0.27	1	13	28	1	87	28	549	0	0	1
0.271	1	12	28	2	59	28	549	0	0	0
0.271	1	12	28	2	59	28	549	0	0	1
0.272	1	6	28	3	20	28	549	0	0	0
0.272	1	6	28	3	20	28	549	0	0	1
0.273	1	2	28	4	90	28	549	0	0	0
0.273	1	2	28	4	90	28	549	0	0	1
0.274	1	15	28	5	92	28	549	0	0	0
0.274	1	15	28	5	92	28	549	0	0	1
0.275	1	9	28	6	65	28	549	0	0	0
0.275	1	9	28	6	65	28	549	0	0	1
0.276	1	10	28	7	31	28	549	0	0	0
0.276	1	10	28	7	31	28	549	0	0	1
0.277	1	14	28	8	72	28	549	0	0	0
0.277	1	14	28	8	72	28	549	0	0	1
0.278	1	1	28	9	39	28	549	0	0	0
0.278	1	1	28	9	39	28	549	0	0	1
0.279	1	5	28	10	78	28	549	0	0	0
0.279	1	5	28	10	78	28	549	0	0	1
0.28	1	4	29	1	44	28	549	0	0	0
0.28	1	4	29	1	44	28	549	0	0	1
0.281	1	11	29	2	1	28	549	0	0	0
0.281	1	11	29	2	1	28	549	0	0	1
0.282	1	8	29	3	83	28	549	0	0	0
0.282	1	8	29	3	83	28	549	0	0	1
0.283	1	7	29	4	52	28	549	0	0	0
0.283	1	7	29	4	52	28	549	0	0	1
0.284	1	3	29	5	10	28	549	0	0	0
0.284	1	3	29	5	10	28	549	0	0	1
0.285	1	13	29	6	87	28	549	0	0	0
0.285	1	13	29	6	87	28	549	0	0	1
0.286	1	12	29	7	59	28	549	0	0	0
0.286	1	12	29	7	59	28	549	0	0	1
0.287	1	6	29	8	20	28	549	0	0	0
0.287	1	6	29	8	20	28	549	0	0	1
0.288	1	2	29	9	90	28	549	0	0	0
0.288	1	2	29	9	90	28	549	0	0	1
0.289	1	15	29	10	92	28	549	0	0	0
0.289	1	15	29	10	92	28	549	0	0	1
0.29	1	9	30	1	65	28	549	0	0	0
0.29	1	9	30	1	65	28	549	0	0	1
0.291	1	10	30	2	31	28	549	0	0	0
0.291	1	10	30	2	31	28	549	0	0	1
0.292	1	14	30	3	72	28	549	0	0	0
0.292	1	14	30	3	72	28	549	0	0	1
0.293	1	1	30	4	39	28	549	0	0	0
0.293	1	1	30	4	39	28	549	0	0	1
0.294	1	5	30	5	78	28	549	0	0	0
0.294	1	5	30	5	78	28	549	0	0	1
0.295	1	4	30	6	44	28	549	0	0	0
0.295	1	4	30	6	44	28	549	0	0	1
0.296	1	11	30	7	1	28	549	0	0	0
0.296	1	11	30	7	1	28	549	0	0	1
0.297	1	8	30	8	83	28	549	0	0	0
0.297	1	8	30	8	83	28	549	0	0	1
0.298	1	7	30	9	52	28	549	0	0	0
0.298	1	7	30	9	52	28	549	0	0	1
0.299	1	3	30	10	10	28	549	0	0	0
0.299	1	3	30	10	10	28	549	0	0	1
0.3	1	13	31	1	87	28	549	0	0	0
0.3	1	13	31	1	87	28	549	0	0	1
0.301	1	12	31	2	59	28	549	0	0	0
0.301	1	12	31	2	59	28	549	0	0	1
0.302	1	6	31	3	20	28	549	0	0	0
0.302	1	6	31	3	20	28	549	0	0	1
0.303	1	2	31	4	90	28	549	0	0	0
0.303	1	2	31	4	90	28	549	0	0	1
0.304	1	15	31	5	92	28	549	0	0	0
0.304	1	15	31	5	92	28	549	0	0	1
0.305	1	9	31	6	65	28	549	0	0	0
0.305	1	9	31	6	65	28	549	0	0	1
0.306	1	10	31	7	31	28	549	0	0	0
0.306	1	10	31	7	31	28	549	0	0	1
0.307	1	14	31	8	72	28	549	0	0	0
0.307	1	14	31	8	72	28	549	0	0	1
0.308	1	1	31	9	39	28	549	0	0	0
0.308	1	1	31	9	39	28	549	0	0	1
0.309	1	5	31	10	78	28	549	0	0	0
0.309	1	5	31	10	78	28	549	0	0	1
0.31	1	4	32	1	44	28	549	0	0	0
0.31	1	4	32	1	44	28	549	0	0	1
0.311	1	11	32	2	1	28	549	0	0	0
0.311	1	11	32	2	1	28	549	0	0	1
0.312	1	8	32	3	83	28	549	0	0	0
0.312	1	8	32	3	83	28	549	0	0	1
0.313	1	7	32	4	52	28	549	0	0	0
0.313	1	7	32	4	52	28	549	0	0	1
0.314	1	3	32	5	10	28	549	0	0	0
0.314	1	3	32	5	10	28	549	0	0	1
0.315	1	13	32	6	87	28	549	0	0	0
0.315	1	13	32	6	87	28	549	0	0	1
0.316	1	12	32	7	59	28	549	0	0	0
0.316	1	12	32	7	59	28	549	0	0	1
0.317	1	6	32	8	20	28	549	0	0	0
0.317	1	6	32	8	20	28	549	0	0	1
0.318	1	2	32	9	90	28	549	0	0	0
0.318	1	2	32	9	90	28	549	0	0	1
0.319	1	15	32	10	92	28	549	0	0	0
0.319	1	15	32	10	92	28	549	0	0	1
0.32	1	9	33	1	65	28	549	0	0	0
0.32	1	9	33	1	65	28	549	0	0	1
0.321	1	10	33	2	31	28	549	0	0	0
0.321	1	10	33	2	31	28	549	0	0	1
0.322	1	14	33	3	72	28	549	0	0	0
0.322	1	14	33	3	72	28	549	0	0	1
0.323	1	1	33	4	39	28	549	0	0	0
0.323	1	1	33	4	39	28	549	0	0	1
0.324	1	5	33	5	78	28	549	0	0	0
0.324	1	5	33	5	78	28	549	0	0	1
0.325	1	4	33	6	44	28	549	0	0	0
0.325	1	4	33	6	44	28	549	0	0	1
0.326	1	11	33	7	1	28	549	0	0	0
0.326	1	11	33	7	1	28	549	0	0	1
0.327	1	8	33	8	83	28	549	0	0	0
0.327	1	8	33	8	83	28	549	0	0	1
0.328	1	7	33	9	52	28	549	0	0	0
0.328	1	7	33	9	52	28	549	0	0	1
0.329	1	3	33	10	10	28	549	0	0	0
0.329	1	3	33	10	10	28	549	0	0	1
0.33	1	13	34	1	87	28	549	0	0	0
0.33	1	13	34	1	87	28	549	0	0	1
0.331	1	12	34	2	59	28	549	0	0	0
0.331	1	12	34	2	59	28	549	0	0	1
0.332	1	6	34	3	20	28	549	0	0	0
0.332	1	6	34	3	20	28	549	0	0	1
0.333	1	2	34	4	90	28	549	0	0	0
0.333	1	2	34	4	90	28	549	0	0	1
0.334	1	15	34	5	92	28	549	0	0	0
0.334	1	15	34	5	92	28	549	0	0	1
0.335	1	9	34	6	65	28	549	0	0	0
0.335	1	9	34	6	65	28	549	0	0	1
0.336	1	10	34	7	31	28	549	0	0	0
0.336	1	10	34	7	31	28	549	0	0	1
0.337	1	14	34	8	72	28	549	0	0	0
0.337	1	14	34	8	72	28	549	0	0	1
0.338	1	1	34	9	39	28	549	0	0	0
0.338	1	1	34	9	39	28	549	0	0	1
0.339	1	5	34	10	78	28	549	0	0	0
0.339	1	5	34	10	78	28	549	0	0	1
0.34	1	4	35	1	44	28	549	0	0	0
0.34	1	4	35	1	44	28	549	0	0	1
0.341	1	11	35	2	1	28	549	0	0	0
0.341	1	11	35	2	1	28	549	0	0	1
0.342	1	8	35	3	83	28	549	0	0	0
0.342	1	8	35	3	83	28	549	0	0	1
0.343	1	7	35	4	52	28	549	0	0	0
0.343	1	7	35	4	52	28	549	0	0	1
0.344	1	3	35	5	10	28	549	0	0	0
0.344	1	3	35	5	10	28	549	0	0	1
0.345	1	13	35	6	87	28	549	0	0	0
0.345	1	13	35	6	87	28	549	0	0	1
0.346	1	12	35	7	59	28	549	0	0	0
0.346	1	12	35	7	59	28	549	0	0	1
0.347	1	6	35	8	20	28	549	0	0	0
0.347	1	6	35	8	20	28	549	0	0	1
0.348	1	2	35	9	90	28	549	0	0	0
0.348	1	2	35	9	90	28	549	0	0	1
0.349	1	15	35	10	92	28	549	0	0	0
0.349	1	15	35	10	92	28	549	0	0	1
0.35	1	9	36	1	65	28	549	0	0	0
0.35	1	9	36	1	65	28	549	0	0	1
0.351	1	10	36	2	31	28	549	0	0	0
0.351	1	10	36	2	31	28	549	0	0	1
0.352	1	14	36	3	72	28	549	0	0	0
0.352	1	14	36	3	72	28	549	0	0	1
0.353	1	1	36	4	39	28	549	0	0	0
0.353	1	1	36	4	39	28	549	0	0	1
0.354	1	5	36	5	78	28	549	0	0	0
0.354	1	5	36	5	78	28	549	0	0	1
0.355	1	4	36	6	44	28	549	0	0	0
0.355	1	4	36	6	44	28	549	0	0	1
0.356	1	11	36	7	1	28	549	0	0	0
0.356	1	11	36	7	1	28	549	0	0	1
0.357	1	8	36	8	83	28	549	0	0	0
0.357	1	8	36	8	83	28	549	0	0	1
0.358	1	7	36	9	52	28	549	0	0	0
0.358	1	7	36	9	52	28	549	0	0	1
0.359	1	3	36	10	10	28	549	0	0	0
0.359	1	3	36	10	10	28	549	0	0	1
0.36	1	13	37	1	87	28	549	0	0	0
0.36	1	13	37	1	87	28	549	0	0	1
0.361	1	12	37	2	59	28	549	0	0	0
0.361	1	12	37	2	59	28	549	0	0	1
0.362	1	6	37	3	20	28	549	0	0	0
0.362	1	6	37	3	20	28	549	0	0	1
0.363	1	2	37	4	90	28	549	0	0	0
0.363	1	2	37	4	90	28	549	0	0	1
0.364	1	15	37	5	92	28	549	0	0	0
0.364	1	15	37	5	92	28	549	0	0	1
0.365	1	9	37	6	65	28	549	0	0	0
0.365	1	9	37	6	65	28	549	0	0	1
0.366	1	10	37	7	31	28	549	0	0	0
0.366	1	10	37	7	31	28	549	0	0	1
0.367	1	14	37	8	72	28	549	0	0	0
0.367	1	14	37	8	72	28	549	0	0	1
0.368	1	1	37	9	39	28	549	0	0	0
0.368	1	1	37	9	39	28	549	0	0	1
0.369	1	5	37	10	78	28	549	0	0	0
0.369	1	5	37	10	78	28	549	0	0	1
0.37	1	4	38	1	44	28	549	0	0	0
0.37	1	4	38	1	44	28	549	0	0	1
0.371	1	11	38	2	1	28	549	0	0	0
0.371	1	11	38	2	1	28	549	0	0	1
0.372	1	8	38	3	83	28	549	0	0	0
0.372	1	8	38	3	83	28	549	0	0	1
0.373	1	7	38	4	52	28	549	0	0	0
0.373	1	7	38	4	52	28	549	0	0	1
0.374	1	3	38	5	10	28	549	0	0	0
0.374	1	3	38	5	10	28	549	0	0	1
0.375	1	13	38	6	87	28	549	0	0	0
0.375	1	13	38	6	87	28	549	0	0	1
0.376	1	12	38	7	59	28	549	0	0	0
0.376	1	12	38	7	59	28	549	0	0	1
0.377	1	6	38	8	20	28	549	0	0	0
0.377	1	6	38	8	20	28	549	0	0	1
0.378	1	2	38	9	90	28	549	0	0	0
0.378	1	2	38	9	90	28	549	0	0	1
0.379	1	15	38	10	92	28	549	0	0	0
0.379	1	15	38	10	92	28	549	0	0	1
0.38	1	9	39	1	65	28	549	0	0	0
0.38	1	9	39	1	65	28	549	0	0	1
0.381	1	10	39	2	31	28	549	0	0	0
0.381	1	10	39	2	31	28	549	0	0	1
0.382	1	14	39	3	72	28	549	0	0	0
0.382	1	14	39	3	72	28	549	0	0	1
0.383	1	1	39	4	39	28	549	0	0	0
0.383	1	1	39	4	39	28	549	0	0	1
0.384	1	5	39	5	78	28	549	0	0	0
0.384	1	5	39	5	78	28	549	0	0	1
0.385	1	4	39	6	44	28	549	0	0	0
0.385	1	4	39	6	44	28	549	0	0	1
0.386	1	11	39	7	1	28	549	0	0	0
0.386	1	11	39	7	1	28	549	0	0	1
0.387	1	8	39	8	83	28	549	0	0	0
0.387	1	8	39	8	83	28	549	0	0	1
0.388	1	7	39	9	52	28	549	0	0	0
0.388	1	7	39	9	52	28	549	0	0	1
0.389	1	3	39	10	10	28	549	0	0	0
0.389	1	3	39	10	10	28	549	0	0	1
0.39	1	13	40	1	87	28	549	0	0	0
0.39	1	13	40	1	87	28	549	0	0	1
0.391	1	12	40	2	59	28	549	0	0	0
0.391	1	12	40	2	59	28	549	0	0	1
0.392	1	6	40	3	20	28	549	0	0	0
0.392	1	6	40	3	20	28	549	0	0	1
0.393	1	2	40	4	90	28	549	0	0	0
0.393	1	2	40	4	90	28	549	0	0	1
0.394	1	15	40	5	92	28	549	0	0	0
0.394	1	15	40	5	92	28	549	0	0	1
0.395	1	9	40	6	65	28	549	0	0	0
0.395	1	9	40	6	65	28	549	0	0	1
0.396	1	10	40	7	31	28	549	0	0	0
0.396	1	10	40	7	31	28	549	0	0	1
0.397	1	14	40	8	72	28	549	0	0	0
0.397	1	14	40	8	72	28	549	0	0	1
0.398	1	1	40	9	39	28	549	0	0	0
0.398	1	1	40	9	39	28	549	0	0	1
0.399	1	5	40	10	78	28	549	0	0	0
0.399	1	5	40	10	78	28	549	0	0	1
0.4	1	4	41	1	44	28	549	0	0	0
0.4	1	4	41	1	44	28	549	0	0	1
0.401	1	11	41	2	1	28	549	0	0	0
0.401	1	11	41	2	1	28	549	0	0	1
0.402	1	8	41	3	83	28	549	0	0	0
0.402	1	8	41	3	83	28	549	0	0	1
0.403	1	7	41	4	52	28	549	0	0	0
0.403	1	7	41	4	52	28	549	0	0	1
0.404	1	3	41	5	10	28	549	0	0	0
0.404	1	3	41	5	10	28	549	0	0	1
0.405	1	13	41	6	87	28	549	0	0	0
0.405	1	13	41	6	87	28	549	0	0	1
0.406	1	12	41	7	59	28	549	0	0	0
0.406	1	12	41	7	59	28	549	0	0	1
0.407	1	6	41	8	20	28	549	0	0	0
0.407	1	6	41	8	20	28	549	0	0	1
0.408	1	2	41	9	90	28	549	0	0	0
0.408	1	2	41	9	90	28	549	0	0	1
0.409	1	15	41	10	92	28	549	0	0	0
0.409	1	15	41	10	92	28	549	0	0	1
0.41	1	9	42	1	65	28	549	0	0	0
0.41	1	9	42	1	65	28	549	0	0	1
0.411	1	10	42	2	31	28	549	0	0	0
0.411	1	10	42	2	31	28	549	0	0	1
0.412	1	14	42	3	72	28	549	0	0	0
0.412	1	14	42	3	72	28	549	0	0	1
0.413	1	1	42	4	39	28	549	0	0	0
0.413	1	1	42	4	39	28	549	0	0	1
0.414	1	5	42	5	78	28	549	0	0	0
0.414	1	5	42	5	78	28	549	0	0	1
0.415	1	4	42	6	44	28	549	0	0	0
0.415	1	4	42	6	44	28	549	0	0	1
0.416	1	11	42	7	1	28	549	0	0	0
0.416	1	11	42	7	1	28	549	0	0	1
0.417	1	8	42	8	83	28	549	0	0	0
0.417	1	8	42	8	83	28	549	0	0	1
0.418	1	7	42	9	52	28	549	0	0	0
0.418	1	7	42	9	52	28	549	0	0	1
0.419	1	3	42	10	10	28	549	0	0	0
0.419	1	3	42	10	10	28	549	0	0	1
0.42	1	13	43	1	87	28	549	0	0	0
0.42	1	13	43	1	87	28	549	0	0	1
0.421	1	12	43	2	59	28	549	0	0	0
0.421	1	12	43	2	59	28	549	0	0	1
0.422	1	6	43	3	20	28	549	0	0	0
0.422	1	6	43	3	20	28	549	0	0	1
0.423	1	2	43	4	90	28	549	0	0	0
0.423	1	2	43	4	90	28	549	0	0	1
0.424	1	15	43	5	92	28	549	0	0	0
0.424	1	15	43	5	92	28	549	0	0	1
0.425	1	9	43	6	65	28	549	0	0	0
0.425	1	9	43	6	65	28	549	0	0	1
0.426	1	10	43	7	31	28	549	0	0	0
0.426	1	10	43	7	31	28	549	0	0	1
0.427	1	14	43	8	72	28	549	0	0	0
0.427	1	14	43	8	72	28	549	0	0	1
0.428	1	1	43	9	39	28	549	0	0	0
0.428	1	1	43	9	39	28	549	0	0	1
0.429	1	5	43	10	78	28	549	0	0	0
0.429	1	5	43	10	78	28	549	0	0	1
0.43	1	4	44	1	44	28	549	0	0	0
0.43	1	4	44	1	44	28	549	0	0	1
0.431	1	11	44	2	1	28	549	0	0	0
0.431	1	11	44	2	1	28	549	0	0	1
0.432	1	8	44	3	83	28	549	0	0	0
0.432	1	8	44	3	83	28	549	0	0	1
0.433	1	7	44	4	52	28	549	0	0	0
0.433	1	7	44	4	52	28	549	0	0	1
0.434	1	3	44	5	10	28	549	0	0	0
0.434	1	3	44	5	10	28	549	0	0	1
0.435	1	13	44	6	87	28	549	0	0	0
0.435	1	13	44	6	87	28	549	0	0	1
0.436	1	12	44	7	59	28	549	0	0	0
0.436	1	12	44	7	59	28	549	0	0	1
0.437	1	6	44	8	20	28	549	0	0	0
0.437	1	6	44	8	20	28	549	0	0	1
0.438	1	2	44	9	90	28	549	0	0	0
0.438	1	2	44	9	90	28	549	0	0	1
0.439	1	15	44	10	92	28	549	0	0	0
0.439	1	15	44	10	92	28	549	0	0	1
0.44	1	9	45	1	65	28	549	0	0	0
0.44	1	9	45	1	65	28	549	0	0	1
0.441	1	10	45	2	31	28	549	0	0	0
0.441	1	10	45	2	31	28	549	0	0	1
0.442	1	14	45	3	72	28	549	0	0	0
0.442	1	14	45	3	72	28	549	0	0	1
0.443	1	1	45	4	39	28	549	0	0	0
0.443	1	1	45	4	39	28	549	0	0	1
0.444	1	5	45	5	78	28	549	0	0	0
0.444	1	5	45	5	78	28	549	0	0	1
0.445	1	4	45	6	44	28	549	0	0	0
0.445	1	4	45	6	44	28	549	0	0	1
0.446	1	11	45	7	1	28	549	0	0	0
0.446	1	11	45	7	1	28	549	0	0	1
0.447	1	8	45	8	83	28	549	0	0	0
0.447	1	8	45	8	83	28	549	0	0	1
0.448	1	7	45	9	52	28	549	0	0	0
0.448	1	7	45	9	52	28	549	0	0	1
0.449	1	3	45	10	10	28	549	0	0	0
0.449	1	3	45	10	10	28	549	0	0	1
0.45	1	13	46	1	87	28	549	0	0	0
0.45	1	13	46	1	87	28	549	0	0	1
0.451	1	12	46	2	59	28	549	0	0	0
0.451	1	12	46	2	59	28	549	0	0	1
0.452	1	6	46	3	20	28	549	0	0	0
0.452	1	6	46	3	20	28	549	0	0	1
0.453	1	2	46	4	90	28	549	0	0	0
0.453	1	2	46	4	90	28	549	0	0	1
0.454	1	15	46	5	92	28	549	0	0	0
0.454	1	15	46	5	92	28	549	0	0	1
0.455	1	9	46	6	65	28	549	0	0	0
0.455	1	9	46	6	65	28	549	0	0	1
0.456	1	10	46	7	31	28	549	0	0	0
0.456	1	10	46	7	31	28	549	0	0	1
0.457	1	14	46	8	72	28	549	0	0	0
0.457	1	14	46	8	72	28	549	0	0	1
0.458	1	1	46	9	39	28	549	0	0	0
0.458	1	1	46	9	39	28	549	0	0	1
0.459	1	5	46	10	78	28	549	0	0	0
0.459	1	5	46	10	78	28	549	0	0	1
0.46	1	4	47	1	44	28	549	0	0	0
0.46	1	4	47	1	44	28	549	0	0	1
0.461	1	11	47	2	1	28	549	0	0	0
0.461	1	11	47	2	1	28	549	0	0	1
0.462	1	8	47	3	83	28	549	0	0	0
0.462	1	8	47	3	83	28	549	0	0	1
0.463	1	7	47	4	52	28	549	0	0	0
0.463	1	7	47	4	52	28	549	0	0	1
0.464	1	3	47	5	10	28	549	0	0	0
0.464	1	3	47	5	10	28	549	0	0	1
0.465	1	13	47	6	87	28	549	0	0	0
0.465	1	13	47	6	87	28	549	0	0	1
0.466	1	12	47	7	59	28	549	0	0	0
0.466	1	12	47	7	59	28	549	0	0	1
0.467	1	6	47	8	20	28	549	0	0	0
0.467	1	6	47	8	20	28	549	0	0	1
0.468	1	2	47	9	90	28	549	0	0	0
0.468	1	2	47	9	90	28	549	0	0	1
0.469	1	15	47	10	92	28	549	0	0	0
0.469	1	15	47	10	92	28	549	0	0	1
0.47	1	9	48	1	65	28	549	0	0	0
0.47	1	9	48	1	65	28	549	0	0	1
0.471	1	10	48	2	31	28	549	0	0	0
0.471	1	10	48	2	31	28	549	0	0	1
0.472	1	14	48	3	72	28	549	0	0	0
0.472	1	14	48	3	72	28	549	0	0	1
0.473	1	1	48	4	39	28	549	0	0	0
0.473	1	1	48	4	39	28	549	0	0	1
0.474	1	5	48	5	78	28	549	0	0	0
0.474	1	5	48	5	78	28	549	0	0	1
0.475	1	4	48	6	44	28	549	0	0	0
0.475	1	4	48	6	44	28	549	0	0	1
0.476	1	11	48	7	1	28	549	0	0	0
0.476	1	11	48	7	1	28	549	0	0	1
0.477	1	8	48	8	83	28	549	0	0	0
0.477	1	8	48	8	83	28	549	0	0	1
0.478	1	7	48	9	52	28	549	0	0	0
0.478	1	7	48	9	52	28	549	0	0	1
0.479	1	3	48	10	10	28	549	0	0	0
0.479	1	3	48	10	10	28	549	0	0	1
0.48	1	13	49	1	87	28	549	0	0	0
0.48	1	13	49	1	87	28	549	0	0	1
0.481	1	12	49	2	59	28	549	0	0	0
0.481	1	12	49	2	59	28	549	0	0	1
0.482	1	6	49	3	20	28	549	0	0	0
0.482	1	6	49	3	20	28	549	0	0	1
0.483	1	2	49	4	90	28	549	0	0	0
0.483	1	2	49	4	90	28	549	0	0	1
0.484	1	15	49	5	92	28	549	0	0	0
0.484	1	15	49	5	92	28	549	0	0	1
0.485	1	9	49	6	65	28	549	0	0	0
0.485	1	9	49	6	65	28	549	0	0	1
0.486	1	10	49	7	31	28	549	0	0	0
0.486	1	10	49	7	31	28	549	0	0	1
0.487	1	14	49	8	72	28	549	0	0	0
0.487	1	14	49	8	72	28	549	0	0	1
0.488	1	1	49	9	39	28	549	0	0	0
0.488	1	1	49	9	39	28	549	0	0	1
0.489	1	5	49	10	78	28	549	0	0	0
0.489	1	5	49	10	78	28	549	0	0	1
0.49	1	4	50	1	44	28	549	0	0	0
0.49	1	4	50	1	44	28	549	0	0	1
0.491	1	11	50	2	1	28	549	0	0	0
0.491	1	11	50	2	1	28	549	0	0	1
0.492	1	8	50	3	83	28	549	0	0	0
0.492	1	8	50	3	83	28	549	0	0	1
0.493	1	7	50	4	52	28	549	0	0	0
0.493	1	7	50	4	52	28	549	0	0	1
0.494	1	3	50	5	10	28	549	0	0	0
0.494	1	3	50	5	10	28	549	0	0	1
0.495	1	13	50	6	87	28	549	0	0	0
0.495	1	13	50	6	87	28	549	0	0	1
0.496	1	12	50	7	59	28	549	0	0	0
0.496	1	12	50	7	59	28	549	0	0	1
0.497	1	6	50	8	20	28	549	0	0	0
0.497	1	6	50	8	20	28	549	0	0	1
0.498	1	2	50	9	90	28	549	0	0	0
0.498	1	2	50	9	90	28	549	0	0	1
0.499	1	15	50	10	92	28	549	0	0	0
0.499	1	15	50	10	92	28	549	0	0	1
0.5	1	9	51	1	65	28	549	0	0	0
0.5	1	9	51	1	65	28	549	0	0	1
0.501	1	10	51	2	31	28	549	0	0	0
0.501	1	10	51	2	31	28	549	0	0	1
0.502	1	14	51	3	72	28	549	0	0	0
0.502	1	14	51	3	72	28	549	0	0	1
0.503	1	1	51	4	39	28	549	0	0	0
0.503	1	1	51	4	39	28	549	0	0	1
0.504	1	5	51	5	78	28	549	0	0	0
0.504	1	5	51	5	78	28	549	0	0	1
0.505	1	4	51	6	44	28	549	0	0	0
0.505	1	4	51	6	44	28	549	0	0	1
0.506	1	11	51	7	1	28	549	0	0	0
0.506	1	11	51	7	1	28	549	0	0	1
0.507	1	8	51	8	83	28	549	0	0	0
0.507	1	8	51	8	83	28	549	0	0	1
0.508	1	7	51	9	52	28	549	0	0	0
0.508	1	7	51	9	52	28	549	0	0	1
0.509	1	3	51	10	10	28	549	0	0	0
0.509	1	3	51	10	10	28	549	0	0	1
0.51	1	13	52	1	87	28	549	0	0	0
0.51	1	13	52	1	87	28	549	0	0	1
0.511	1	12	52	2	59	28	549	0	0	0
0.511	1	12	52	2	59	28	549	0	0	1
0.512	1	6	52	3	20	28	549	0	0	0
0.512	1	6	52	3	20	28	549	0	0	1
0.513	1	2	52	4	90	28	549	0	0	0
0.513	1	2	52	4	90	28	549	0	0	1
0.514	1	15	52	5	92	28	549	0	0	0
0.514	1	15	52	5	92	28	549	0	0	1
0.515	1	9	52	6	65	28	549	0	0	0
0.515	1	9	52	6	65	28	549	0	0	1
0.516	1	10	52	7	31	28	549	0	0	0
0.516	1	10	52	7	31	28	549	0	0	1
0.517	1	14	52	8	72	28	549	0	0	0
0.517	1	14	52	8	72	28	549	0	0	1
0.518	1	1	52	9	39	28	549	0	0	0
0.518	1	1	52	9	39	28	549	0	0	1
0.519	1	5	52	10	78	28	549	0	0	0
0.519	1	5	52	10	78	28	549	0	0	1
0.52	1	4	53	1	44	28	549	0	0	0
0.52	1	4	53	1	44	28	549	0	0	1
0.521	1	11	53	2	1	28	549	0	0	0
0.521	1	11	53	2	1	28	549	0	0	1
0.522	1	8	53	3	83	28	549	0	0	0
0.522	1	8	53	3	83	28	549	0	0	1
0.523	1	7	53	4	52	28	549	0	0	0
0.523	1	7	53	4	52	28	549	0	0	1
0.524	1	3	53	5	10	28	549	0	0	0
0.524	1	3	53	5	10	28	549	0	0	1
0.525	1	13	53	6	87	28	549	0	0	0
0.525	1	13	53	6	87	28	549	0	0	1
0.526	1	12	53	7	59	28	549	0	0	0
0.526	1	12	53	7	59	28	549	0	0	1
0.527	1	6	53	8	20	28	549	0	0	0
0.527	1	6	53	8	20	28	549	0	0	1
0.528	1	2	53	9	90	28	549	0	0	0
0.528	1	2	53	9	90	28	549	0	0	1
0.529	1	15	53	10	92	28	549	0	0	0
0.529	1	15	53	10	92	28	549	0	0	1
0.53	1	9	54	1	65	28	549	0	0	0
0.53	1	9	54	1	65	28	549	0	0	1
0.531	1	10	54	2	31	28	549	0	0	0
0.531	1	10	54	2	31	28	549	0	0	1
0.532	1	14	54	3	72	28	549	0	0	0
0.532	1	14	54	3	72	28	549	0	0	1
0.533	1	1	54	4	39	28	549	0	0	0
0.533	1	1	54	4	39	28	549	0	0	1
0.534	1	5	54	5	78	28	549	0	0	0
0.534	1	5	54	5	78	28	549	0	0	1
0.535	1	4	54	6	44	28	549	0	0	0
0.535	1	4	54	6	44	28	549	0	0	1
0.536	1	11	54	7	1	28	549	0	0	0
0.536	1	11	54	7	1	28	549	0	0	1
0.537	1	8	54	8	83	28	549	0	0	0
0.537	1	8	54	8	83	28	549	0	0	1
0.538	1	7	54	9	52	28	549	0	0	0
0.538	1	7	54	9	52	28	549	0	0	1
0.539	1	3	54	10	10	28	549	0	0	0
0.539	1	3	54	10	10	28	549	0	0	1
0.54	1	13	55	1	87	28	549	0	0	0
0.54	1	13	55	1	87	28	549	0	0	1
0.541	1	12	55	2	59	28	549	0	0	0
0.541	1	12	55	2	59	28	549	0	0	1
0.542	1	6	55	3	20	28	549	0	0	0
0.542	1	6	55	3	20	28	549	0	0	1
0.543	1	2	55	4	90	28	549	0	0	0
0.543	1	2	55	4	90	28	549	0	0	1
0.544	1	15	55	5	92	28	549	0	0	0
0.544	1	15	55	5	92	28	549	0	0	1
0.545	1	9	55	6	65	28	549	0	0	0
0.545	1	9	55	6	65	28	549	0	0	1
0.546	1	10	55	7	31	28	549	0	0	0
0.546	1	10	55	7	31	28	549	0	0	1
0.547	1	14	55	8	72	28	549	0	0	0
0.547	1	14	55	8	72	28	549	0	0	1
0.548	1	1	55	9	39	28	549	0	0	0
0.548	1	1	55	9	39	28	549	0	0	1
0.549	1	5	55	10	78	28	549	0	0	0
0.549	1	5	55	10	78	28	549	0	0	1
0.55	1	4	56	1	44	28	549	0	0	0
0.55	1	4	56	1	44	28	549	0	0	1
0.551	1	11	56	2	1	28	549	0	0	0
0.551	1	11	56	2	1	28	549	0	0	1
0.552	1	8	56	3	83	28	549	0	0	0
0.552	1	8	56	3	83	28	549	0	0	1
0.553	1	7	56	4	52	28	549	0	0	0
0.553	1	7	56	4	52	28	549	0	0	1
0.554	1	3	56	5	10	28	549	0	0	0
0.554	1	3	56	5	10	28	549	0	0	1
0.555	1	13	56	6	87	28	549	0	0	0
0.555	1	13	56	6	87	28	549	0	0	1
0.556	1	12	56	7	59	28	549	0	0	0
0.556	1	12	56	7	59	28	549	0	0	1
0.557	1	6	56	8	20	28	549	0	0	0
0.557	1	6	56	8	20	28	549	0	0	1
0.558	1	2	56	9	90	28	549	0	0	0
0.558	1	2	56	9	90	28	549	0	0	1
0.559	1	15	56	10	92	28	549	0	0	0
0.559	1	15	56	10	92	28	549	0	0	1
0.56	1	9	57	1	65	28	549	0	0	0
0.56	1	9	57	1	65	28	549	0	0	1
0.561	1	10	57	2	31	28	549	0	0	0
0.561	1	10	57	2	31	28	549	0	0	1
0.562	1	14	57	3	72	28	549	0	0	0
0.562	1	14	57	3	72	28	549	0	0	1
0.563	1	1	57	4	39	28	549	0	0	0
0.563	1	1	57	4	39	28	549	0	0	1
0.564	1	5	57	5	78	28	549	0	0	0
0.564	1	5	57	5	78	28	549	0	0	1
0.565	1	4	57	6	44	28	549	0	0	0
0.565	1	4	57	6	44	28	549	0	0	1
0.566	1	11	57	7	1	28	549	0	0	0
0.566	1	11	57	7	1	28	549	0	0	1
0.567	1	8	57	8	83	28	549	0	0	0
0.567	1	8	57	8	83	28	549	0	0	1
0.568	1	7	57	9	52	28	549	0	0	0
0.568	1	7	57	9	52	28	549	0	0	1
0.569	1	3	57	10	10	28	549	0	0	0
0.569	1	3	57	10	10	28	549	0	0	1
0.57	1	13	58	1	87	28	549	0	0	0
0.57	1	13	58	1	87	28	549	0	0	1
0.571	1	12	58	2	59	28	549	0	0	0
0.571	1	12	58	2	59	28	549	0	0	1
0.572	1	6	58	3	20	28	549	0	0	0
0.572	1	6	58	3	20	28	549	0	0	1
0.573	1	2	58	4	90	28	549	0	0	0
0.573	1	2	58	4	90	28	549	0	0	1
0.574	1	15	58	5	92	28	549	0	0	0
0.574	1	15	58	5	92	28	549	0	0	1
0.575	1	9	58	6	65	28	549	0	0	0
0.575	1	9	58	6	65	28	549	0	0	1
0.576	1	10	58	7	31	28	549	0	0	0
0.576	1	10	58	7	31	28	549	0	0	1
0.577	1	14	58	8	72	28	549	0	0	0
0.577	1	14	58	8	72	28	549	0	0	1
0.578	1	1	58	9	39	28	549	0	0	0
0.578	1	1	58	9	39	28	549	0	0	1
0.579	1	5	58	10	78	28	549	0	0	0
0.579	1	5	58	10	78	28	549	0	0	1
0.58	1	4	59	1	44	28	549	0	0	0
0.58	1	4	59	1	44	28	549	0	0	1
0.581	1	11	59	2	1	28	549	0	0	0
0.581	1	11	59	2	1	28	549	0	0	1
0.582	1	8	59	3	83	28	549	0	0	0
0.582	1	8	59	3	83	28	549	0	0	1
0.583	1	7	59	4	52	28	549	0	0	0
0.583	1	7	59	4	52	28	549	0	0	1
0.584	1	3	59	5	10	28	549	0	0	0
0.584	1	3	59	5	10	28	549	0	0	1
0.585	1	13	59	6	87	28	549	0	0	0
0.585	1	13	59	6	87	28	549	0	0	1
0.586	1	12	59	7	59	28	549	0	0	0
0.586	1	12	59	7	59	28	549	0	0	1
0.587	1	6	59	8	20	28	549	0	0	0
0.587	1	6	59	8	20	28	549	0	0	1
0.588	1	2	59	9	90	28	549	0	0	0
0.588	1	2	59	9	90	28	549	0	0	1
0.589	1	15	59	10	92	28	549	0	0	0
0.589	1	15	59	10	92	28	549	0	0	1
0.59	1	9	60	1	65	28	549	0	0	0
0.59	1	9	60	1	65	28	549	0	0	1
0.591	1	10	60	2	31	28	549	0	0	0
0.591	1	10	60	2	31	28	549	0	0	1
0.592	1	14	60	3	72	28	549	0	0	0
0.592	1	14	60	3	72	28	549	0	0	1
0.593	1	1	60	4	39	28	549	0	0	0
0.593	1	1	60	4	39	28	549	0	0	1
0.594	1	5	60	5	78	28	549	0	0	0
0.594	1	5	60	5	78	28	549	0	0	1
0.595	1	4	60	6	44	28	549	0	0	0
0.595	1	4	60	6	44	28	549	0	0	1
0.596	1	11	60	7	1	28	549	0	0	0
0.596	1	11	60	7	1	28	549	0	0	1
0.597	1	8	60	8	83	28	549	0	0	0
0.597	1	8	60	8	83	28	549	0	0	1
0.598	1	7	60	9	52	28	549	0	0	0
0.598	1	7	60	9	52	28	549	0	0	1
0.599	1	3	60	10	10	28	549	0	0	0
0.599	1	3	60	10	10	28	549	0	0	1
0.6	1	13	61	1	87	28	549	0	0	0
0.6	1	13	61	1	87	28	549	0	0	1
0.601	1	12	61	2	59	28	549	0	0	0
0.601	1	12	61	2	59	28	549	0	0	1
0.602	1	6	61	3	20	28	549	0	0	0
0.602	1	6	61	3	20	28	549	0	0	1
0.603	1	2	61	4	90	28	549	0	0	0
0.603	1	2	61	4	90	28	549	0	0	1
0.604	1	15	61	5	92	28	549	0	0	0
0.604	1	15	61	5	92	28	549	0	0	1
0.605	1	9	61	6	65	28	549	0	0	0
0.605	1	9	61	6	65	28	549	0	0	1
0.606	1	10	61	7	31	28	549	0	0	0
0.606	1	10	61	7	31	28	549	0	0	1
0.607	1	14	61	8	72	28	549	0	0	0
0.607	1	14	61	8	72	28	549	0	0	1
0.608	1	1	61	9	39	28	549	0	0	0
0.608	1	1	61	9	39	28	549	0	0	1
0.609	1	5	61	10	78	28	549	0	0	0
0.609	1	5	61	10	78	28	549	0	0	1
0.61	1	4	62	1	44	28	549	0	0	0
0.61	1	4	62	1	44	28	549	0	0	1
0.611	1	11	62	2	1	28	549	0	0	0
0.611	1	11	62	2	1	28	549	0	0	1
0.612	1	8	62	3	83	28	549	0	0	0
0.612	1	8	62	3	83	28	549	0	0	1
0.613	1	7	62	4	52	28	549	0	0	0
0.613	1	7	62	4	52	28	549	0	0	1
0.614	1	3	62	5	10	28	549	0	0	0
0.614	1	3	62	5	10	28	549	0	0	1
0.615	1	13	62	6	87	28	549	0	0	0
0.615	1	13	62	6	87	28	549	0	0	1
0.616	1	12	62	7	59	28	549	0	0	0
0.616	1	12	62	7	59	28	549	0	0	1
0.617	1	6	62	8	20	28	549	0	0	0
0.617	1	6	62	8	20	28	549	0	0	1
0.618	1	2	62	9	90	28	549	0	0	0
0.618	1	2	62	9	90	28	549	0	0	1
0.619	1	15	62	10	92	28	549	0	0	0
0.619	1	15	62	10	92	28	549	0	0	1
0.62	1	9	63	1	65	28	549	0	0	0
0.62	1	9	63	1	65	28	549	0	0	1
0.621	1	10	63	2	31	28	549	0	0	0
0.621	1	10	63	2	31	28	549	0	0	1
0.622	1	14	63	3	72	28	549	0	0	0
0.622	1	14	63	3	72	28	549	0	0	1
0.623	1	1	63	4	39	28	549	0	0	0
0.623	1	1	63	4	39	28	549	0	0	1
0.624	1	5	63	5	78	28	549	0	0	0
0.624	1	5	63	5	78	28	549	0	0	1
0.625	1	4	63	6	44	28	549	0	0	0
0.625	1	4	63	6	44	28	549	0	0	1
0.626	1	11	63	7	1	28	549	0	0	0
0.626	1	11	63	7	1	28	549	0	0	1
0.627	1	8	63	8	83	28	549	0	0	0
0.627	1	8	63	8	83	28	549	0	0	1
0.628	1	7	63	9	52	28	549	0	0	0
0.628	1	7	63	9	52	28	549	0	0	1
0.629	1	3	63	10	10	28	549	0	0	0
0.629	1	3	63	10	10	28	549	0	0	1
0.63	1	13	64	1	87	28	549	0	0	0
0.63	1	13	64	1	87	28	549	0	0	1
0.631	1	12	64	2	59	28	549	0	0	0
0.631	1	12	64	2	59	28	549	0	0	1
0.632	1	6	64	3	20	28	549	0	0	0
0.632	1	6	64	3	20	28	549	0	0	1
0.633	1	2	64	4	90	28	549	0	0	0
0.633	1	2	64	4	90	28	549	0	0	1
0.634	1	15	64	5	92	28	549	0	0	0
0.634	1	15	64	5	92	28	549	0	0	1
0.635	1	9	64	6	65	28	549	0	0	0
0.635	1	9	64	6	65	28	549	0	0	1
0.636	1	10	64	7	31	28	549	0	0	0
0.636	1	10	64	7	31	28	549	0	0	1
0.637	1	14	64	8	72	28	549	0	0	0
0.637	1	14	64	8	72	28	549	0	0	1
0.638	1	1	64	9	39	28	549	0	0	0
0.638	1	1	64	9	39	28	549	0	0	1
0.639	1	5	64	10	78	28	549	0	0	0
0.639	1	5	64	10	78	28	549	0	0	1
0.64	1	4	65	1	44	28	549	0	0	0
0.64	1	4	65	1	44	28	549	0	0	1
0.641	1	11	65	2	1	28	549	0	0	0
0.641	1	11	65	2	1	28	549	0	0	1
0.642	1	8	65	3	83	28	549	0	0	0
0.642	1	8	65	3	83	28	549	0	0	1
0.643	1	7	65	4	52	28	549	0	0	0
0.643	1	7	65	4	52	28	549	0	0	1
0.644	1	3	65	5	10	28	549	0	0	0
0.644	1	3	65	5	10	28	549	0	0	1
0.645	1	13	65	6	87	28	549	0	0	0
0.645	1	13	65	6	87	28	549	0	0	1
0.646	1	12	65	7	59	28	549	0	0	0
0.646	1	12	65	7	59	28	549	0	0	1
0.647	1	6	65	8	20	28	549	0	0	0
0.647	1	6	65	8	20	28	549	0	0	1
0.648	1	2	65	9	90	28	549	0	0	0
0.648	1	2	65	9	90	28	549	0	0	1
0.649	1	15	65	10	92	28	549	0	0	0
0.649	1	15	65	10	92	28	549	0	0	1
0.65	1	9	66	1	65	28	549	0	0	0
0.65	1	9	66	1	65	28	549	0	0	1
0.651	1	10	66	2	31	28	549	0	0	0
0.651	1	10	66	2	31	28	549	0	0	1
0.652	1	14	66	3	72	28	549	0	0	0
0.652	1	14	66	3	72	28	549	0	0	1
0.653	1	1	66	4	39	28	549	0	0	0
0.653	1	1	66	4	39	28	549	0	0	1
0.654	1	5	66	5	78	28	549	0	0	0
0.654	1	5	66	5	78	28	549	0	0	1
0.655	1	4	66	6	44	28	549	0	0	0
0.655	1	4	66	6	44	28	549	0	0	1
0.656	1	11	66	7	1	28	549	0	0	0
0.656	1	11	66	7	1	28	549	0	0	1
0.657	1	8	66	8	83	28	549	0	0	0
0.657	1	8	66	8	83	28	549	0	0	1
0.658	1	7	66	9	52	28	549	0	0	0
0.658	1	7	66	9	52	28	549	0	0	1
0.659	1	3	66	10	10	28	549	0	0	0
0.659	1	3	66	10	10	28	549	0	0	1
0.66	1	13	67	1	87	28	549	0	0	0
0.66	1	13	67	1	87	28	549	0	0	1
0.661	1	12	67	2	59	28	549	0	0	0
0.661	1	12	67	2	59	28	549	0	0	1
0.662	1	6	67	3	20	28	549	0	0	0
0.662	1	6	67	3	20	28	549	0	0	1
0.663	1	2	67	4	90	28	549	0	0	0
0.663	1	2	67	4	90	28	549	0	0	1
0.664	1	15	67	5	92	28	549	0	0	0
0.664	1	15	67	5	92	28	549	0	0	1
0.665	1	9	67	6	65	28	549	0	0	0
0.665	1	9	67	6	65	28	549	0	0	1
0.666	1	10	67	7	31	28	549	0	0	0
0.666	1	10	67	7	31	28	549	0	0	1
0.667	1	14	67	8	72	28	549	0	0	0
0.667	1	14	67	8	72	28	549	0	0	1
0.668	1	1	67	9	39	28	549	0	0	0
0.668	1	1	67	9	39	28	549	0	0	1
0.669	1	5	67	10	78	28	549	0	0	0
0.669	1	5	67	10	78	28	549	0	0	1
0.67	1	4	68	1	44	28	549	0	0	0
0.67	1	4	68	1	44	28	549	0	0	1
0.671	1	11	68	2	1	28	549	0	0	0
0.671	1	11	68	2	1	28	549	0	0	1
0.672	1	8	68	3	83	28	549	0	0	0
0.672	1	8	68	3	83	28	549	0	0	1
0.673	1	7	68	4	52	28	549	0	0	0
0.673	1	7	68	4	52	28	549	0	0	1
0.674	1	3	68	5	10	28	549	0	0	0
0.674	1	3	68	5	10	28	549	0	0	1
0.675	1	13	68	6	87	28	549	0	0	0
0.675	1	13	68	6	87	28	549	0	0	1
0.676	1	12	68	7	59	28	549	0	0	0
0.676	1	12	68	7	59	28	549	0	0	1
0.677	1	6	68	8	20	28	549	0	0	0
0.677	1	6	68	8	20	28	549	0	0	1
0.678	1	2	68	9	90	28	549	0	0	0
0.678	1	2	68	9	90	28	549	0	0	1
0.679	1	15	68	10	92	28	549	0	0	0
0.679	1	15	68	10	92	28	549	0	0	1
0.68	1	9	69	1	65	28	549	0	0	0
0.68	1	9	69	1	65	28	549	0	0	1
0.681	1	10	69	2	31	28	549	0	0	0
0.681	1	10	69	2	31	28	549	0	0	1
0.682	1	14	69	3	72	28	549	0	0	0
0.682	1	14	69	3	72	28	549	0	0	1
0.683	1	1	69	4	39	28	549	0	0	0
0.683	1	1	69	4	39	28	549	0	0	1
0.684	1	5	69	5	78	28	549	0	0	0
0.684	1	5	69	5	78	28	549	0	0	1
0.685	1	4	69	6	44	28	549	0	0	0
0.685	1	4	69	6	44	28	549	0	0	1
0.686	1	11	69	7	1	28	549	0	0	0
0.686	1	11	69	7	1	28	549	0	0	1
0.687	1	8	69	8	83	28	549	0	0	0
0.687	1	8	69	8	83	28	549	0	0	1
0.688	1	7	69	9	52	28	549	0	0	0
0.688	1	7	69	9	52	28	549	0	0	1
0.689	1	3	69	10	10	28	549	0	0	0
0.689	1	3	69	10	10	28	549	0	0	1
0.69	1	13	70	1	87	28	549	0	0	0
0.69	1	13	70	1	87	28	549	0	0	1
0.691	1	12	70	2	59	28	549	0	0	0
0.691	1	12	70	2	59	28	549	0	0	1
0.692	1	6	70	3	20	28	549	0	0	0
0.692	1	6	70	3	20	28	549	0	0	1
0.693	1	2	70	4	90	28	549	0	0	0
0.693	1	2	70	4	90	28	549	0	0	1
0.694	1	15	70	5	92	28	549	0	0	0
0.694	1	15	70	5	92	28	549	0	0	1
0.695	1	9	70	6	65	28	549	0	0	0
0.695	1	9	70	6	65	28	549	0	0	1
0.696	1	10	70	7	31	28	549	0	0	0
0.696	1	10	70	7	31	28	549	0	0	1
0.697	1	14	70	8	72	28	549	0	0	0
0.697	1	14	70	8	72	28	549	0	0	1
0.698	1	1	70	9	39	28	549	0	0	0
0.698	1	1	70	9	39	28	549	0	0	1
0.699	1	5	70	10	78	28	549	0	0	0
0.699	1	5	70	10	78	28	549	0	0	1
0.7	1	4	71	1	44	28	549	0	0	0
0.7	1	4	71	1	44	28	549	0	0	1
0.701	1	11	71	2	1	28	549	0	0	0
0.701	1	11	71	2	1	28	549	0	0	1
0.702	1	8	71	3	83	28	549	0	0	0
0.702	1	8	71	3	83	28	549	0	0	1
0.703	1	7	71	4	52	28	549	0	0	0
0.703	1	7	71	4	52	28	549	0	0	1
0.704	1	3	71	5	10	28	549	0	0	0
0.704	1	3	71	5	10	28	549	0	0	1
0.705	1	13	71	6	87	28	549	0	0	0
0.705	1	13	71	6	87	28	549	0	0	1
0.706	1	12	71	7	59	28	549	0	0	0
0.706	1	12	71	7	59	28	549	0	0	1
0.707	1	6	71	8	20	28	549	0	0	0
0.707	1	6	71	8	20	28	549	0	0	1
0.708	1	2	71	9	90	28	549	0	0	0
0.708	1	2	71	9	90	28	549	0	0	1
0.709	1	15	71	10	92	28	549	0	0	0
0.709	1	15	71	10	92	28	549	0	0	1
0.71	1	9	72	1	65	28	549	0	0	0
0.71	1	9	72	1	65	28	549	0	0	1
0.711	1	10	72	2	31	28	549	0	0	0
0.711	1	10	72	2	31	28	549	0	0	1
0.712	1	14	72	3	72	28	549	0	0	0
0.712	1	14	72	3	72	28	549	0	0	1
0.713	1	1	72	4	39	28	549	0	0	0
0.713	1	1	72	4	39	28	549	0	0	1
0.714	1	5	72	5	78	28	549	0	0	0
0.714	1	5	72	5	78	28	549	0	0	1
0.715	1	4	72	6	44	28	549	0	0	0
0.715	1	4	72	6	44	28	549	0	0	1
0.716	1	11	72	7	1	28	549	0	0	0
0.716	1	11	72	7	1	28	549	0	0	1
0.717	1	8	72	8	83	28	549	0	0	0
0.717	1	8	72	8	83	28	549	0	0	1
0.718	1	7	72	9	52	28	549	0	0	0
0.718	1	7	72	9	52	28	549	0	0	1
0.719	1	3	72	10	10	28	549	0	0	0
0.719	1	3	72	10	10	28	549	0	0	1
0.72	1	13	73	1	87	28	549	0	0	0
0.72	1	13	73	1	87	28	549	0	0	1
0.721	1	12	73	2	59	28	549	0	0	0
0.721	1	12	73	2	59	28	549	0	0	1
0.722	1	6	73	3	20	28	549	0	0	0
0.722	1	6	73	3	20	28	549	0	0	1
0.723	1	2	73	4	90	28	549	0	0	0
0.723	1	2	73	4	90	28	549	0	0	1
0.724	1	15	73	5	92	28	549	0	0	0
0.724	1	15	73	5	92	28	549	0	0	1
0.725	1	9	73	6	65	28	549	0	0	0
0.725	1	9	73	6	65	28	549	0	0	1
0.726	1	10	73	7	31	28	549	0	0	0
0.726	1	10	73	7	31	28	549	0	0	1
0.727	1	14	73	8	72	28	549	0	0	0
0.727	1	14	73	8	72	28	549	0	0	1
0.728	1	1	73	9	39	28	549	0	0	0
0.728	1	1	73	9	39	28	549	0	0	1
0.729	1	5	73	10	78	28	549	0	0	0
0.729	1	5	73	10	78	28	549	0	0	1
0.73	1	4	74	1	44	28	549	0	0	0
0.73	1	4	74	1	44	28	549	0	0	1
0.731	1	11	74	2	1	28	549	0	0	0
0.731	1	11	74	2	1	28	549	0	0	1
0.732	1	8	74	3	83	28	549	0	0	0
0.732	1	8	74	3	83	28	549	0	0	1
0.733	1	7	74	4	52	28	549	0	0	0
0.733	1	7	74	4	52	28	549	0	0	1
0.734	1	3	74	5	10	28	549	0	0	0
0.734	1	3	74	5	10	28	549	0	0	1
0.735	1	13	74	6	87	28	549	0	0	0
0.735	1	13	74	6	87	28	549	0	0	1
0.736	1	12	74	7	59	28	549	0	0	0
0.736	1	12	74	7	59	28	549	0	0	1
0.737	1	6	74	8	20	28	549	0	0	0
0.737	1	6	74	8	20	28	549	0	0	1
0.738	1	2	74	9	90	28	549	0	0	0
0.738	1	2	74	9	90	28	549	0	0	1
0.739	1	15	74	10	92	28	549	0	0	0
0.739	1	15	74	10	92	28	549	0	0	1
0.74	1	9	75	1	65	28	549	0	0	0
0.74	1	9	75	1	65	28	549	0	0	1
0.741	1	10	75	2	31	28	549	0	0	0
0.741	1	10	75	2	31	28	549	0	0	1
0.742	1	14	75	3	72	28	549	0	0	0
0.742	1	14	75	3	72	28	549	0	0	1
0.743	1	1	75	4	39	28	549	0	0	0
0.743	1	1	75	4	39	28	549	0	0	1
0.744	1	5	75	5	78	28	549	0	0	0
0.744	1	5	75	5	78	28	549	0	0	1
0.745	1	4	75	6	44	28	549	0	0	0
0.745	1	4	75	6	44	28	549	0	0	1
0.746	1	11	75	7	1	28	549	0	0	0
0.746	1	11	75	7	1	28	549	0	0	1
0.747	1	8	75	8	83	28	549	0	0	0
0.747	1	8	75	8	83	28	549	0	0	1
0.748	1	7	75	9	52	28	549	0	0	0
0.748	1	7	75	9	52	28	549	0	0	1
0.749	1	3	75	10	10	28	549	0	0	0
0.749	1	3	75	10	10	28	549	0	0	1
0.75	1	13	76	1	87	28	549	0	0	0
0.75	1	13	76	1	87	28	549	0	0	1
0.751	1	12	76	2	59	28	549	0	0	0
0.751	1	12	76	2	59	28	549	0	0	1
0.752	1	6	76	3	20	28	549	0	0	0
0.752	1	6	76	3	20	28	549	0	0	1
0.753	1	2	76	4	90	28	549	0	0	0
0.753	1	2	76	4	90	28	549	0	0	1
0.754	1	15	76	5	92	28	549	0	0	0
0.754	1	15	76	5	92	28	549	0	0	1
0.755	1	9	76	6	65	28	549	0	0	0
0.755	1	9	76	6	65	28	549	0	0	1
0.756	1	10	76	7	31	28	549	0	0	0
0.756	1	10	76	7	31	28	549	0	0	1
0.757	1	14	76	8	72	28	549	0	0	0
0.757	1	14	76	8	72	28	549	0	0	1
0.758	1	1	76	9	39	28	549	0	0	0
0.758	1	1	76	9	39	28	549	0	0	1
0.759	1	5	76	10	78	28	549	0	0	0
0.759	1	5	76	10	78	28	549	0	0	1
0.76	1	4	77	1	44	28	549	0	0	0
0.76	1	4	77	1	44	28	549	0	0	1
0.761	1	11	77	2	1	28	549	0	0	0
0.761	1	11	77	2	1	28	549	0	0	1
0.762	1	8	77	3	83	28	549	0	0	0
0.762	1	8	77	3	83	28	549	0	0	1
0.763	1	7	77	4	52	28	549	0	0	0
0.763	1	7	77	4	52	28	549	0	0	1
0.764	1	3	77	5	10	28	549	0	0	0
0.764	1	3	77	5	10	28	549	0	0	1
0.765	1	13	77	6	87	28	549	0	0	0
0.765	1	13	77	6	87	28	549	0	0	1
0.766	1	12	77	7	59	28	549	0	0	0
0.766	1	12	77	7	59	28	549	0	0	1
0.767	1	6	77	8	20	28	549	0	0	0
0.767	1	6	77	8	20	28	549	0	0	1
0.768	1	2	77	9	90	28	549	0	0	0
0.768	1	2	77	9	90	28	549	0	0	1
0.769	1	15	77	10	92	28	549	0	0	0
0.769	1	15	77	10	92	28	549	0	0	1
0.77	1	9	78	1	65	28	549	0	0	0
0.77	1	9	78	1	65	28	549	0	0	1
0.771	1	10	78	2	31	28	549	0	0	0
0.771	1	10	78	2	31	28	549	0	0	1
0.772	1	14	78	3	72	28	549	0	0	0
0.772	1	14	78	3	72	28	549	0	0	1
0.773	1	1	78	4	39	28	549	0	0	0
0.773	1	1	78	4	39	28	549	0	0	1
0.774	1	5	78	5	78	28	549	0	0	0
0.774	1	5	78	5	78	28	549	0	0	1
0.775	1	4	78	6	44	28	549	0	0	0
0.775	1	4	78	6	44	28	549	0	0	1
0.776	1	11	78	7	1	28	549	0	0	0
0.776	1	11	78	7	1	28	549	0	0	1
0.777	1	8	78	8	83	28	549	0	0	0
0.777	1	8	78	8	83	28	549	0	0	1
0.778	1	7	78	9	52	28	549	0	0	0
0.778	1	7	78	9	52	28	549	0	0	1
0.779	1	3	78	10	10	28	549	0	0	0
0.779	1	3	78	10	10	28	549	0	0	1
0.78	1	13	79	1	87	28	549	0	0	0
0.78	1	13	79	1	87	28	549	0	0	1
0.781	1	12	79	2	59	28	549	0	0	0
0.781	1	12	79	2	59	28	549	0	0	1
0.782	1	6	79	3	20	28	549	0	0	0
0.782	1	6	79	3	20	28	549	0	0	1
0.783	1	2	79	4	90	28	549	0	0	0
0.783	1	2	79	4	90	28	549	0	0	1
0.784	1	15	79	5	92	28	549	0	0	0
0.784	1	15	79	5	92	28	549	0	0	1
0.785	1	9	79	6	65	28	549	0	0	0
0.785	1	9	79	6	65	28	549	0	0	1
0.786	1	10	79	7	31	28	549	0	0	0
0.786	1	10	79	7	31	28	549	0	0	1
0.787	1	14	79	8	72	28	549	0	0	0
0.787	1	14	79	8	72	28	549	0	0	1
0.788	1	1	79	9	39	28	549	0	0	0
0.788	1	1	79	9	39	28	549	0	0	1
0.789	1	5	79	10	78	28	549	0	0	0
0.789	1	5	79	10	78	28	549	0	0	1
0.79	1	4	80	1	44	28	549	0	0	0
0.79	1	4	80	1	44	28	549	0	0	1
0.791	1	11	80	2	1	28	549	0	0	0
0.791	1	11	80	2	1	28	549	0	0	1
0.792	1	8	80	3	83	28	549	0	0	0
0.792	1	8	80	3	83	28	549	0	0	1
0.793	1	7	80	4	52	28	549	0	0	0
0.793	1	7	80	4	52	28	549	0	0	1
0.794	1	3	80	5	10	28	549	0	0	0
0.794	1	3	80	5	10	28	549	0	0	1
0.795	1	13	80	6	87	28	549	0	0	0
0.795	1	13	80	6	87	28	549	0	0	1
0.796	1	12	80	7	59	28	549	0	0	0
0.796	1	12	80	7	59	28	549	0	0	1
0.797	1	6	80	8	20	28	549	0	0	0
0.797	1	6	80	8	20	28	549	0	0	1
0.798	1	2	80	9	90	28	549	0	0	0
0.798	1	2	80	9	90	28	549	0	0	1
0.799	1	15	80	10	92	28	549	0	0	0
0.799	1	15	80	10	92	28	549	0	0	1
0.8	1	9	81	1	65	28	549	0	0	0
0.8	1	9	81	1	65	28	549	0	0	1
0.801	1	10	81	2	31	28	549	0	0	0
0.801	1	10	81	2	31	28	549	0	0	1
0.802	1	14	81	3	72	28	549	0	0	0
0.802	1	14	81	3	72	28	549	0	0	1
0.803	1	1	81	4	39	28	549	0	0	0
0.803	1	1	81	4	39	28	549	0	0	1
0.804	1	5	81	5	78	28	549	0	0	0
0.804	1	5	81	5	78	28	549	0	0	1
0.805	1	4	81	6	44	28	549	0	0	0
0.805	1	4	81	6	44	28	549	0	0	1
0.806	1	11	81	7	1	28	549	0	0	0
0.806	1	11	81	7	1	28	549	0	0	1
0.807	1	8	81	8	83	28	549	0	0	0
0.807	1	8	81	8	83	28	549	0	0	1
0.808	1	7	81	9	52	28	549	0	0	0
0.808	1	7	81	9	52	28	549	0	0	1
0.809	1	3	81	10	10	28	549	0	0	0
0.809	1	3	81	10	10	28	549	0	0	1
0.81	1	13	82	1	87	28	549	0	0	0
0.81	1	13	82	1	87	28	549	0	0	1
0.811	1	12	82	2	59	28	549	0	0	0
0.811	1	12	82	2	59	28	549	0	0	1
0.812	1	6	82	3	20	28	549	0	0	0
0.812	1	6	82	3	20	28	549	0	0	1
0.813	1	2	82	4	90	28	549	0	0	0
0.813	1	2	82	4	90	28	549	0	0	1
0.814	1	15	82	5	92	28	549	0	0	0
0.814	1	15	82	5	92	28	549	0	0	1
0.815	1	9	82	6	65	28	549	0	0	0
0.815	1	9	82	6	65	28	549	0	0	1
0.816	1	10	82	7	31	28	549	0	0	0
0.816	1	10	82	7	31	28	549	0	0	1
0.817	1	14	82	8	72	28	549	0	0	0
0.817	1	14	82	8	72	28	549	0	0	1
0.818	1	1	82	9	39	28	549	0	0	0
0.818	1	1	82	9	39	28	549	0	0	1
0.819	1	5	82	10	78	28	549	0	0	0
0.819	1	5	82	10	78	28	549	0	0	1
0.82	1	4	83	1	44	28	549	0	0	0
0.82	1	4	83	1	44	28	549	0	0	1
0.821	1	11	83	2	1	28	549	0	0	0
0.821	1	11	83	2	1	28	549	0	0	1
0.822	1	8	83	3	83	28	549	0	0	0
0.822	1	8	83	3	83	28	549	0	0	1
0.823	1	7	83	4	52	28	549	0	0	0
0.823	1	7	83	4	52	28	549	0	0	1
0.824	1	3	83	5	10	28	549	0	0	0
0.824	1	3	83	5	10	28	549	0	0	1
0.825	1	13	83	6	87	28	549	0	0	0
0.825	1	13	83	6	87	28	549	0	0	1
0.826	1	12	83	7	59	28	549	0	0	0
0.826	1	12	83	7	59	28	549	0	0	1
0.827	1	6	83	8	20	28	549	0	0	0
0.827	1	6	83	8	20	28	549	0	0	1
0.828	1	2	83	9	90	28	549	0	0	0
0.828	1	2	83	9	90	28	549	0	0	1
0.829	1	15	83	10	92	28	549	0	0	0
0.829	1	15	83	10	92	28	549	0	0	1
0.83	1	9	84	1	65	28	549	0	0	0
0.83	1	9	84	1	65	28	549	0	0	1
0.831	1	10	84	2	31	28	549	0	0	0
0.831	1	10	84	2	31	28	549	0	0	1
0.832	1	14	84	3	72	28	549	0	0	0
0.832	1	14	84	3	72	28	549	0	0	1
0.833	1	1	84	4	39	28	549	0	0	0
0.833	1	1	84	4	39	28	549	0	0	1
0.834	1	5	84	5	78	28	549	0	0	0
0.834	1	5	84	5	78	28	549	0	0	1
0.835	1	4	84	6	44	28	549	0	0	0
0.835	1	4	84	6	44	28	549	0	0	1
0.836	1	11	84	7	1	28	549	0	0	0
0.836	1	11	84	7	1	28	549	0	0	1
0.837	1	8	84	8	83	28	549	0	0	0
0.837	1	8	84	8	83	28	549	0	0	1
0.838	1	7	84	9	52	28	549	0	0	0
0.838	1	7	84	9	52	28	549	0	0	1
0.839	1	3	84	10	10	28	549	0	0	0
0.839	1	3	84	10	10	28	549	0	0	1
0.84	1	13	85	1	87	28	549	0	0	0
0.84	1	13	85	1	87	28	549	0	0	1
0.841	1	12	85	2	59	28	549	0	0	0
0.841	1	12	85	2	59	28	549	0	0	1
0.842	1	6	85	3	20	28	549	0	0	0
0.842	1	6	85	3	20	28	549	0	0	1
0.843	1	2	85	4	90	28	549	0	0	0
0.843	1	2	85	4	90	28	549	0	0	1
0.844	1	15	85	5	92	28	549	0	0	0
0.844	1	15	85	5	92	28	549	0	0	1
0.845	1	9	85	6	65	28	549	0	0	0
0.845	1	9	85	6	65	28	549	0	0	1
0.846	1	10	85	7	31	28	549	0	0	0
0.846	1	10	85	7	31	28	549	0	0	1
0.847	1	14	85	8	72	28	549	0	0	0
0.847	1	14	85	8	72	28	549	0	0	1
0.848	1	1	85	9	39	28	549	0	0	0
0.848	1	1	85	9	39	28	549	0	0	1
0.849	1	5	85	10	78	28	549	0	0	0
0.849	1	5	85	10	78	28	549	0	0	1
0.85	1	4	86	1	44	28	549	0	0	0
0.85	1	4	86	1	44	28	549	0	0	1
0.851	1	11	86	2	1	28	549	0	0	0
0.851	1	11	86	2	1	28	549	0	0	1
0.852	1	8	86	3	83	28	549	0	0	0
0.852	1	8	86	3	83	28	549	0	0	1
0.853	1	7	86	4	52	28	549	0	0	0
0.853	1	7	86	4	52	28	549	0	0	1
0.854	1	3	86	5	10	28	549	0	0	0
0.854	1	3	86	5	10	28	549	0	0	1
0.855	1	13	86	6	87	28	549	0	0	0
0.855	1	13	86	6	87	28	549	0	0	1
0.856	1	12	86	7	59	28	549	0	0	0
0.856	1	12	86	7	59	28	549	0	0	1
0.857	1	6	86	8	20	28	549	0	0	0
0.857	1	6	86	8	20	28	549	0	0	1
0.858	1	2	86	9	90	28	549	0	0	0
0.858	1	2	86	9	90	28	549	0	0	1
0.859	1	15	86	10	92	28	549	0	0	0
0.859	1	15	86	10	92	28	549	0	0	1
0.86	1	9	87	1	65	28	549	0	0	0
0.86	1	9	87	1	65	28	549	0	0	1
0.861	1	10	87	2	31	28	549	0	0	0
0.861	1	10	87	2	31	28	549	0	0	1
0.862	1	14	87	3	72	28	549	0	0	0
0.862	1	14	87	3	72	28	549	0	0	1
0.863	1	1	87	4	39	28	549	0	0	0
0.863	1	1	87	4	39	28	549	0	0	1
0.864	1	5	87	5	78	28	549	0	0	0
0.864	1	5	87	5	78	28	549	0	0	1
0.865	1	4	87	6	44	28	549	0	0	0
0.865	1	4	87	6	44	28	549	0	0	1
0.866	1	11	87	7	1	28	549	0	0	0
0.866	1	11	87	7	1	28	549	0	0	1
0.867	1	8	87	8	83	28	549	0	0	0
0.867	1	8	87	8	83	28	549	0	0	1
0.868	1	7	87	9	52	28	549	0	0	0
0.868	1	7	87	9	52	28	549	0	0	1
0.869	1	3	87	10	10	28	549	0	0	0
0.869	1	3	87	10	10	28	549	0	0	1
0.87	1	13	88	1	87	28	549	0	0	0
0.87	1	13	88	1	87	28	549	0	0	1
0.871	1	12	88	2	59	28	549	0	0	0
0.871	1	12	88	2	59	28	549	0	0	1
0.872	1	6	88	3	20	28	549	0	0	0
0.872	1	6	88	3	20	28	549	0	0	1
0.873	1	2	88	4	90	28	549	0	0	0
0.873	1	2	88	4	90	28	549	0	0	1
0.874	1	15	88	5	92	28	549	0	0	0
0.874	1	15	88	5	92	28	549	0	0	1
0.875	1	9	88	6	65	28	549	0	0	0
0.875	1	9	88	6	65	28	549	0	0	1
0.876	1	10	88	7	31	28	549	0	0	0
0.876	1	10	88	7	31	28	549	0	0	1
0.877	1	14	88	8	72	28	549	0	0	0
0.877	1	14	88	8	72	28	549	0	0	1
0.878	1	1	88	9	39	28	549	0	0	0
0.878	1	1	88	9	39	28	549	0	0	1
0.879	1	5	88	10	78	28	549	0	0	0
0.879	1	5	88	10	78	28	549	0	0	1
0.88	1	4	89	1	44	28	549	0	0	0
0.88	1	4	89	1	44	28	549	0	0	1
0.881	1	11	89	2	1	28	549	0	0	0
0.881	1	11	89	2	1	28	549	0	0	1
0.882	1	8	89	3	83	28	549	0	0	0
0.882	1	8	89	3	83	28	549	0	0	1
0.883	1	7	89	4	52	28	549	0	0	0
0.883	1	7	89	4	52	28	549	0	0	1
0.884	1	3	89	5	10	28	549	0	0	0
0.884	1	3	89	5	10	28	549	0	0	1
0.885	1	13	89	6	87	28	549	0	0	0
0.885	1	13	89	6	87	28	549	0	0	1
0.886	1	12	89	7	59	28	549	0	0	0
0.886	1	12	89	7	59	28	549	0	0	1
0.887	1	6	89	8	20	28	549	0	0	0
0.887	1	6	89	8	20	28	549	0	0	1
0.888	1	2	89	9	90	28	549	0	0	0
0.888	1	2	89	9	90	28	549	0	0	1
0.889	1	15	89	10	92	28	549	0	0	0
0.889	1	15	89	10	92	28	549	0	0	1
0.89	1	9	90	1	65	28	549	0	0	0
0.89	1	9	90	1	65	28	549	0	0	1
0.891	1	10	90	2	31	28	549	0	0	0
0.891	1	10	90	2	31	28	549	0	0	1
0.892	1	14	90	3	72	28	549	0	0	0
0.892	1	14	90	3	72	28	549	0	0	1
0.893	1	1	90	4	39	28	549	0	0	0
0.893	1	1	90	4	39	28	549	0	0	1
0.894	1	5	90	5	78	28	549	0	0	0
0.894	1	5	90	5	78	28	549	0	0	1
0.895	1	4	90	6	44	28	549	0	0	0
0.895	1	4	90	6	44	28	549	0	0	1
0.896	1	11	90	7	1	28	549	0	0	0
0.896	1	11	90	7	1	28	549	0	0	1
0.897	1	8	90	8	83	28	549	0	0	0
0.897	1	8	90	8	83	28	549	0	0	1
0.898	1	7	90	9	52	28	549	0	0	0
0.898	1	7	90	9	52	28	549	0	0	1
0.899	1	3	90	10	10	28	549	0	0	0
0.899	1	3	90	10	10	28	549	0	0	1
