% time	cellId	IMSI	RNTI	layer	mcs	size	rv	ndi	ccId
23	1	11	1	0	0	19	0	1	0
23	2	11	1	0	0	19	0	1	1
24	1	11	1	0	0	19	0	1	0
24	2	11	1	0	0	19	0	1	1
25	1	11	1	0	0	19	0	1	0
25	2	11	1	0	0	19	0	1	1
26	1	11	1	0	0	19	0	1	0
26	2	11	1	0	0	19	0	1	1
27	1	11	1	0	0	19	0	1	0
27	2	11	1	0	0	19	0	1	1
28	1	3	10	0	0	19	0	1	0
28	2	3	10	0	0	19	0	1	1
29	1	11	1	0	28	549	0	1	0
29	2	11	1	0	28	549	0	1	1
30	1	11	1	0	28	549	0	1	0
30	2	11	1	0	28	549	0	1	1
31	1	3	10	0	0	19	0	1	0
31	2	3	10	0	0	19	0	1	1
32	1	11	1	0	28	549	0	1	0
32	2	11	1	0	28	549	0	1	1
33	1	3	10	0	28	549	0	1	0
33	2	3	10	0	28	549	0	1	1
34	1	6	20	0	0	19	0	1	0
34	2	6	20	0	0	19	0	1	1
35	1	3	10	0	28	549	0	1	0
35	2	3	10	0	28	549	0	1	1
36	1	6	20	0	0	19	0	1	0
36	2	6	20	0	0	19	0	1	1
37	1	3	10	0	28	549	0	1	0
37	2	3	10	0	28	549	0	1	1
38	1	11	1	0	28	549	0	1	0
38	2	11	1	0	28	549	0	1	1
39	1	6	20	0	28	549	0	1	0
39	2	6	20	0	28	549	0	1	1
40	1	10	31	0	0	19	0	1	0
40	2	10	31	0	0	19	0	1	1
41	1	6	20	0	28	549	0	1	0
41	2	6	20	0	28	549	0	1	1
42	1	10	31	0	0	19	0	1	0
42	2	10	31	0	0	19	0	1	1
43	1	6	20	0	28	549	0	1	0
43	2	6	20	0	28	549	0	1	1
44	1	3	10	0	28	549	0	1	0
44	2	3	10	0	28	549	0	1	1
45	1	10	31	0	28	549	0	1	0
45	2	10	31	0	28	549	0	1	1
46	1	1	39	0	0	19	0	1	0
46	2	1	39	0	0	19	0	1	1
47	1	10	31	0	28	549	0	1	0
47	2	10	31	0	28	549	0	1	1
48	1	1	39	0	0	19	0	1	0
48	2	1	39	0	0	19	0	1	1
49	1	10	31	0	28	549	0	1	0
49	2	10	31	0	28	549	0	1	1
50	1	6	20	0	28	549	0	1	0
50	2	6	20	0	28	549	0	1	1
51	1	1	39	0	28	549	0	1	0
51	2	1	39	0	28	549	0	1	1
52	1	4	44	0	0	19	0	1	0
52	2	4	44	0	0	19	0	1	1
53	1	1	39	0	28	549	0	1	0
53	2	1	39	0	28	549	0	1	1
54	1	4	44	0	0	19	0	1	0
54	2	4	44	0	0	19	0	1	1
55	1	1	39	0	28	549	0	1	0
55	2	1	39	0	28	549	0	1	1
56	1	10	31	0	28	549	0	1	0
56	2	10	31	0	28	549	0	1	1
57	1	4	44	0	28	549	0	1	0
57	2	4	44	0	28	549	0	1	1
58	1	7	52	0	0	19	0	1	0
58	2	7	52	0	0	19	0	1	1
59	1	4	44	0	28	549	0	1	0
59	2	4	44	0	28	549	0	1	1
60	1	7	52	0	0	19	0	1	0
60	2	7	52	0	0	19	0	1	1
61	1	4	44	0	28	549	0	1	0
61	2	4	44	0	28	549	0	1	1
62	1	1	39	0	28	549	0	1	0
62	2	1	39	0	28	549	0	1	1
63	1	7	52	0	28	549	0	1	0
63	2	7	52	0	28	549	0	1	1
64	1	12	59	0	0	19	0	1	0
64	2	12	59	0	0	19	0	1	1
65	1	7	52	0	28	549	0	1	0
65	2	7	52	0	28	549	0	1	1
66	1	12	59	0	0	19	0	1	0
66	2	12	59	0	0	19	0	1	1
67	1	7	52	0	28	549	0	1	0
67	2	7	52	0	28	549	0	1	1
68	1	4	44	0	28	549	0	1	0
68	2	4	44	0	28	549	0	1	1
69	1	12	59	0	28	549	0	1	0
69	2	12	59	0	28	549	0	1	1
70	1	9	65	0	0	19	0	1	0
70	2	9	65	0	0	19	0	1	1
71	1	12	59	0	28	549	0	1	0
71	2	12	59	0	28	549	0	1	1
72	1	9	65	0	0	19	0	1	0
72	2	9	65	0	0	19	0	1	1
73	1	12	59	0	28	549	0	1	0
73	2	12	59	0	28	549	0	1	1
74	1	11	1	0	28	549	0	1	0
74	2	11	1	0	28	549	0	1	1
75	1	9	65	0	28	549	0	1	0
75	2	9	65	0	28	549	0	1	1
76	1	14	72	0	0	19	0	1	0
76	2	14	72	0	0	19	0	1	1
77	1	9	65	0	28	549	0	1	0
77	2	9	65	0	28	549	0	1	1
78	1	14	72	0	0	19	0	1	0
78	2	14	72	0	0	19	0	1	1
79	1	9	65	0	28	549	0	1	0
79	2	9	65	0	28	549	0	1	1
80	1	7	52	0	28	549	0	1	0
80	2	7	52	0	28	549	0	1	1
81	1	14	72	0	28	549	0	1	0
81	2	14	72	0	28	549	0	1	1
82	1	5	78	0	0	19	0	1	0
82	2	5	78	0	0	19	0	1	1
83	1	14	72	0	28	549	0	1	0
83	2	14	72	0	28	549	0	1	1
84	1	5	78	0	0	19	0	1	0
84	2	5	78	0	0	19	0	1	1
85	1	14	72	0	28	549	0	1	0
85	2	14	72	0	28	549	0	1	1
86	1	3	10	0	28	549	0	1	0
86	2	3	10	0	28	549	0	1	1
87	1	5	78	0	28	549	0	1	0
87	2	5	78	0	28	549	0	1	1
88	1	8	83	0	0	19	0	1	0
88	2	8	83	0	0	19	0	1	1
89	1	5	78	0	28	549	0	1	0
89	2	5	78	0	28	549	0	1	1
90	1	8	83	0	0	19	0	1	0
90	2	8	83	0	0	19	0	1	1
91	1	5	78	0	28	549	0	1	0
91	2	5	78	0	28	549	0	1	1
92	1	12	59	0	28	549	0	1	0
92	2	12	59	0	28	549	0	1	1
93	1	8	83	0	28	549	0	1	0
93	2	8	83	0	28	549	0	1	1
94	1	13	87	0	0	19	0	1	0
94	2	13	87	0	0	19	0	1	1
95	1	8	83	0	28	549	0	1	0
95	2	8	83	0	28	549	0	1	1
96	1	13	87	0	0	19	0	1	0
96	2	13	87	0	0	19	0	1	1
97	1	8	83	0	28	549	0	1	0
97	2	8	83	0	28	549	0	1	1
98	1	6	20	0	28	549	0	1	0
98	2	6	20	0	28	549	0	1	1
99	1	13	87	0	28	549	0	1	0
99	2	13	87	0	28	549	0	1	1
100	1	2	90	0	0	19	0	1	0
100	2	2	90	0	0	19	0	1	1
101	1	13	87	0	28	549	0	1	0
101	2	13	87	0	28	549	0	1	1
102	1	2	90	0	0	19	0	1	0
102	2	2	90	0	0	19	0	1	1
103	1	13	87	0	28	549	0	1	0
103	2	13	87	0	28	549	0	1	1
104	1	9	65	0	28	549	0	1	0
104	2	9	65	0	28	549	0	1	1
105	1	2	90	0	28	549	0	1	0
105	2	2	90	0	28	549	0	1	1
106	1	15	92	0	0	19	0	1	0
106	2	15	92	0	0	19	0	1	1
107	1	2	90	0	28	549	0	1	0
107	2	2	90	0	28	549	0	1	1
108	1	15	92	0	0	19	0	1	0
108	2	15	92	0	0	19	0	1	1
109	1	2	90	0	28	549	0	1	0
109	2	2	90	0	28	549	0	1	1
110	1	10	31	0	28	549	0	1	0
110	2	10	31	0	28	549	0	1	1
111	1	15	92	0	28	549	0	1	0
111	2	15	92	0	28	549	0	1	1
112	1	15	92	0	28	549	0	1	0
112	2	15	92	0	28	549	0	1	1
113	1	15	92	0	28	549	0	1	0
113	2	15	92	0	28	549	0	1	1
114	1	14	72	0	28	549	0	1	0
114	2	14	72	0	28	549	0	1	1
115	1	1	39	0	28	549	0	1	0
115	2	1	39	0	28	549	0	1	1
116	1	5	78	0	28	549	0	1	0
116	2	5	78	0	28	549	0	1	1
117	1	4	44	0	28	549	0	1	0
117	2	4	44	0	28	549	0	1	1
118	1	11	1	0	28	549	0	1	0
118	2	11	1	0	28	549	0	1	1
119	1	8	83	0	28	549	0	1	0
119	2	8	83	0	28	549	0	1	1
120	1	7	52	0	28	549	0	1	0
120	2	7	52	0	28	549	0	1	1
121	1	3	10	0	28	549	0	1	0
121	2	3	10	0	28	549	0	1	1
122	1	13	87	0	28	549	0	1	0
122	2	13	87	0	28	549	0	1	1
123	1	12	59	0	28	549	0	1	0
123	2	12	59	0	28	549	0	1	1
124	1	6	20	0	28	549	0	1	0
124	2	6	20	0	28	549	0	1	1
125	1	2	90	0	28	549	0	1	0
125	2	2	90	0	28	549	0	1	1
126	1	15	92	0	28	549	0	1	0
126	2	15	92	0	28	549	0	1	1
127	1	9	65	0	28	549	0	1	0
127	2	9	65	0	28	549	0	1	1
128	1	10	31	0	28	549	0	1	0
128	2	10	31	0	28	549	0	1	1
129	1	14	72	0	28	549	0	1	0
129	2	14	72	0	28	549	0	1	1
130	1	1	39	0	28	549	0	1	0
130	2	1	39	0	28	549	0	1	1
131	1	5	78	0	28	549	0	1	0
131	2	5	78	0	28	549	0	1	1
132	1	4	44	0	28	549	0	1	0
132	2	4	44	0	28	549	0	1	1
133	1	11	1	0	28	549	0	1	0
133	2	11	1	0	28	549	0	1	1
134	1	8	83	0	28	549	0	1	0
134	2	8	83	0	28	549	0	1	1
135	1	7	52	0	28	549	0	1	0
135	2	7	52	0	28	549	0	1	1
136	1	3	10	0	28	549	0	1	0
136	2	3	10	0	28	549	0	1	1
137	1	13	87	0	28	549	0	1	0
137	2	13	87	0	28	549	0	1	1
138	1	12	59	0	28	549	0	1	0
138	2	12	59	0	28	549	0	1	1
139	1	6	20	0	28	549	0	1	0
139	2	6	20	0	28	549	0	1	1
140	1	2	90	0	28	549	0	1	0
140	2	2	90	0	28	549	0	1	1
141	1	15	92	0	28	549	0	1	0
141	2	15	92	0	28	549	0	1	1
142	1	9	65	0	28	549	0	1	0
142	2	9	65	0	28	549	0	1	1
143	1	10	31	0	28	549	0	1	0
143	2	10	31	0	28	549	0	1	1
144	1	14	72	0	28	549	0	1	0
144	2	14	72	0	28	549	0	1	1
145	1	1	39	0	28	549	0	1	0
145	2	1	39	0	28	549	0	1	1
146	1	5	78	0	28	549	0	1	0
146	2	5	78	0	28	549	0	1	1
147	1	4	44	0	28	549	0	1	0
147	2	4	44	0	28	549	0	1	1
148	1	11	1	0	28	549	0	1	0
148	2	11	1	0	28	549	0	1	1
149	1	8	83	0	28	549	0	1	0
149	2	8	83	0	28	549	0	1	1
150	1	7	52	0	28	549	0	1	0
150	2	7	52	0	28	549	0	1	1
151	1	3	10	0	28	549	0	1	0
151	2	3	10	0	28	549	0	1	1
152	1	13	87	0	28	549	0	1	0
152	2	13	87	0	28	549	0	1	1
153	1	12	59	0	28	549	0	1	0
153	2	12	59	0	28	549	0	1	1
154	1	6	20	0	28	549	0	1	0
154	2	6	20	0	28	549	0	1	1
155	1	2	90	0	28	549	0	1	0
155	2	2	90	0	28	549	0	1	1
156	1	15	92	0	28	549	0	1	0
156	2	15	92	0	28	549	0	1	1
157	1	9	65	0	28	549	0	1	0
157	2	9	65	0	28	549	0	1	1
158	1	10	31	0	28	549	0	1	0
158	2	10	31	0	28	549	0	1	1
159	1	14	72	0	28	549	0	1	0
159	2	14	72	0	28	549	0	1	1
160	1	1	39	0	28	549	0	1	0
160	2	1	39	0	28	549	0	1	1
161	1	5	78	0	28	549	0	1	0
161	2	5	78	0	28	549	0	1	1
162	1	4	44	0	28	549	0	1	0
162	2	4	44	0	28	549	0	1	1
163	1	11	1	0	28	549	0	1	0
163	2	11	1	0	28	549	0	1	1
164	1	8	83	0	28	549	0	1	0
164	2	8	83	0	28	549	0	1	1
165	1	7	52	0	28	549	0	1	0
165	2	7	52	0	28	549	0	1	1
166	1	3	10	0	28	549	0	1	0
166	2	3	10	0	28	549	0	1	1
167	1	13	87	0	28	549	0	1	0
167	2	13	87	0	28	549	0	1	1
168	1	12	59	0	28	549	0	1	0
168	2	12	59	0	28	549	0	1	1
169	1	6	20	0	28	549	0	1	0
169	2	6	20	0	28	549	0	1	1
170	1	2	90	0	28	549	0	1	0
170	2	2	90	0	28	549	0	1	1
171	1	15	92	0	28	549	0	1	0
171	2	15	92	0	28	549	0	1	1
172	1	9	65	0	28	549	0	1	0
172	2	9	65	0	28	549	0	1	1
173	1	10	31	0	28	549	0	1	0
173	2	10	31	0	28	549	0	1	1
174	1	14	72	0	28	549	0	1	0
174	2	14	72	0	28	549	0	1	1
175	1	1	39	0	28	549	0	1	0
175	2	1	39	0	28	549	0	1	1
176	1	5	78	0	28	549	0	1	0
176	2	5	78	0	28	549	0	1	1
177	1	4	44	0	28	549	0	1	0
177	2	4	44	0	28	549	0	1	1
178	1	11	1	0	28	549	0	1	0
178	2	11	1	0	28	549	0	1	1
179	1	8	83	0	28	549	0	1	0
179	2	8	83	0	28	549	0	1	1
180	1	7	52	0	28	549	0	1	0
180	2	7	52	0	28	549	0	1	1
181	1	3	10	0	28	549	0	1	0
181	2	3	10	0	28	549	0	1	1
182	1	13	87	0	28	549	0	1	0
182	2	13	87	0	28	549	0	1	1
183	1	12	59	0	28	549	0	1	0
183	2	12	59	0	28	549	0	1	1
184	1	6	20	0	28	549	0	1	0
184	2	6	20	0	28	549	0	1	1
185	1	2	90	0	28	549	0	1	0
185	2	2	90	0	28	549	0	1	1
186	1	15	92	0	28	549	0	1	0
186	2	15	92	0	28	549	0	1	1
187	1	9	65	0	28	549	0	1	0
187	2	9	65	0	28	549	0	1	1
188	1	10	31	0	28	549	0	1	0
188	2	10	31	0	28	549	0	1	1
189	1	14	72	0	28	549	0	1	0
189	2	14	72	0	28	549	0	1	1
190	1	1	39	0	28	549	0	1	0
190	2	1	39	0	28	549	0	1	1
191	1	5	78	0	28	549	0	1	0
191	2	5	78	0	28	549	0	1	1
192	1	4	44	0	28	549	0	1	0
192	2	4	44	0	28	549	0	1	1
193	1	11	1	0	28	549	0	1	0
193	2	11	1	0	28	549	0	1	1
194	1	8	83	0	28	549	0	1	0
194	2	8	83	0	28	549	0	1	1
195	1	7	52	0	28	549	0	1	0
195	2	7	52	0	28	549	0	1	1
196	1	3	10	0	28	549	0	1	0
196	2	3	10	0	28	549	0	1	1
197	1	13	87	0	28	549	0	1	0
197	2	13	87	0	28	549	0	1	1
198	1	12	59	0	28	549	0	1	0
198	2	12	59	0	28	549	0	1	1
199	1	6	20	0	28	549	0	1	0
199	2	6	20	0	28	549	0	1	1
200	1	2	90	0	28	549	0	1	0
200	2	2	90	0	28	549	0	1	1
201	1	15	92	0	28	549	0	1	0
201	2	15	92	0	28	549	0	1	1
202	1	9	65	0	28	549	0	1	0
202	2	9	65	0	28	549	0	1	1
203	1	10	31	0	28	549	0	1	0
203	2	10	31	0	28	549	0	1	1
204	1	14	72	0	28	549	0	1	0
204	2	14	72	0	28	549	0	1	1
205	1	1	39	0	28	549	0	1	0
205	2	1	39	0	28	549	0	1	1
206	1	5	78	0	28	549	0	1	0
206	2	5	78	0	28	549	0	1	1
207	1	4	44	0	28	549	0	1	0
207	2	4	44	0	28	549	0	1	1
208	1	11	1	0	28	549	0	1	0
208	2	11	1	0	28	549	0	1	1
209	1	8	83	0	28	549	0	1	0
209	2	8	83	0	28	549	0	1	1
210	1	7	52	0	28	549	0	1	0
210	2	7	52	0	28	549	0	1	1
211	1	3	10	0	28	549	0	1	0
211	2	3	10	0	28	549	0	1	1
212	1	13	87	0	28	549	0	1	0
212	2	13	87	0	28	549	0	1	1
213	1	12	59	0	28	549	0	1	0
213	2	12	59	0	28	549	0	1	1
214	1	6	20	0	28	549	0	1	0
214	2	6	20	0	28	549	0	1	1
215	1	2	90	0	28	549	0	1	0
215	2	2	90	0	28	549	0	1	1
216	1	15	92	0	28	549	0	1	0
216	2	15	92	0	28	549	0	1	1
217	1	9	65	0	28	549	0	1	0
217	2	9	65	0	28	549	0	1	1
218	1	10	31	0	28	549	0	1	0
218	2	10	31	0	28	549	0	1	1
219	1	14	72	0	28	549	0	1	0
219	2	14	72	0	28	549	0	1	1
220	1	1	39	0	28	549	0	1	0
220	2	1	39	0	28	549	0	1	1
221	1	5	78	0	28	549	0	1	0
221	2	5	78	0	28	549	0	1	1
222	1	4	44	0	28	549	0	1	0
222	2	4	44	0	28	549	0	1	1
223	1	11	1	0	28	549	0	1	0
223	2	11	1	0	28	549	0	1	1
224	1	8	83	0	28	549	0	1	0
224	2	8	83	0	28	549	0	1	1
225	1	7	52	0	28	549	0	1	0
225	2	7	52	0	28	549	0	1	1
226	1	3	10	0	28	549	0	1	0
226	2	3	10	0	28	549	0	1	1
227	1	13	87	0	28	549	0	1	0
227	2	13	87	0	28	549	0	1	1
228	1	12	59	0	28	549	0	1	0
228	2	12	59	0	28	549	0	1	1
229	1	6	20	0	28	549	0	1	0
229	2	6	20	0	28	549	0	1	1
230	1	2	90	0	28	549	0	1	0
230	2	2	90	0	28	549	0	1	1
231	1	15	92	0	28	549	0	1	0
231	2	15	92	0	28	549	0	1	1
232	1	9	65	0	28	549	0	1	0
232	2	9	65	0	28	549	0	1	1
233	1	10	31	0	28	549	0	1	0
233	2	10	31	0	28	549	0	1	1
234	1	14	72	0	28	549	0	1	0
234	2	14	72	0	28	549	0	1	1
235	1	1	39	0	28	549	0	1	0
235	2	1	39	0	28	549	0	1	1
236	1	5	78	0	28	549	0	1	0
236	2	5	78	0	28	549	0	1	1
237	1	4	44	0	28	549	0	1	0
237	2	4	44	0	28	549	0	1	1
238	1	11	1	0	28	549	0	1	0
238	2	11	1	0	28	549	0	1	1
239	1	8	83	0	28	549	0	1	0
239	2	8	83	0	28	549	0	1	1
240	1	7	52	0	28	549	0	1	0
240	2	7	52	0	28	549	0	1	1
241	1	3	10	0	28	549	0	1	0
241	2	3	10	0	28	549	0	1	1
242	1	13	87	0	28	549	0	1	0
242	2	13	87	0	28	549	0	1	1
243	1	12	59	0	28	549	0	1	0
243	2	12	59	0	28	549	0	1	1
244	1	6	20	0	28	549	0	1	0
244	2	6	20	0	28	549	0	1	1
245	1	2	90	0	28	549	0	1	0
245	2	2	90	0	28	549	0	1	1
246	1	15	92	0	28	549	0	1	0
246	2	15	92	0	28	549	0	1	1
247	1	9	65	0	28	549	0	1	0
247	2	9	65	0	28	549	0	1	1
248	1	10	31	0	28	549	0	1	0
248	2	10	31	0	28	549	0	1	1
249	1	14	72	0	28	549	0	1	0
249	2	14	72	0	28	549	0	1	1
250	1	1	39	0	28	549	0	1	0
250	2	1	39	0	28	549	0	1	1
251	1	5	78	0	28	549	0	1	0
251	2	5	78	0	28	549	0	1	1
252	1	4	44	0	28	549	0	1	0
252	2	4	44	0	28	549	0	1	1
253	1	11	1	0	28	549	0	1	0
253	2	11	1	0	28	549	0	1	1
254	1	8	83	0	28	549	0	1	0
254	2	8	83	0	28	549	0	1	1
255	1	7	52	0	28	549	0	1	0
255	2	7	52	0	28	549	0	1	1
256	1	3	10	0	28	549	0	1	0
256	2	3	10	0	28	549	0	1	1
257	1	13	87	0	28	549	0	1	0
257	2	13	87	0	28	549	0	1	1
258	1	12	59	0	28	549	0	1	0
258	2	12	59	0	28	549	0	1	1
259	1	6	20	0	28	549	0	1	0
259	2	6	20	0	28	549	0	1	1
260	1	2	90	0	28	549	0	1	0
260	2	2	90	0	28	549	0	1	1
261	1	15	92	0	28	549	0	1	0
261	2	15	92	0	28	549	0	1	1
262	1	9	65	0	28	549	0	1	0
262	2	9	65	0	28	549	0	1	1
263	1	10	31	0	28	549	0	1	0
263	2	10	31	0	28	549	0	1	1
264	1	14	72	0	28	549	0	1	0
264	2	14	72	0	28	549	0	1	1
265	1	1	39	0	28	549	0	1	0
265	2	1	39	0	28	549	0	1	1
266	1	5	78	0	28	549	0	1	0
266	2	5	78	0	28	549	0	1	1
267	1	4	44	0	28	549	0	1	0
267	2	4	44	0	28	549	0	1	1
268	1	11	1	0	28	549	0	1	0
268	2	11	1	0	28	549	0	1	1
269	1	8	83	0	28	549	0	1	0
269	2	8	83	0	28	549	0	1	1
270	1	7	52	0	28	549	0	1	0
270	2	7	52	0	28	549	0	1	1
271	1	3	10	0	28	549	0	1	0
271	2	3	10	0	28	549	0	1	1
272	1	13	87	0	28	549	0	1	0
272	2	13	87	0	28	549	0	1	1
273	1	12	59	0	28	549	0	1	0
273	2	12	59	0	28	549	0	1	1
274	1	6	20	0	28	549	0	1	0
274	2	6	20	0	28	549	0	1	1
275	1	2	90	0	28	549	0	1	0
275	2	2	90	0	28	549	0	1	1
276	1	15	92	0	28	549	0	1	0
276	2	15	92	0	28	549	0	1	1
277	1	9	65	0	28	549	0	1	0
277	2	9	65	0	28	549	0	1	1
278	1	10	31	0	28	549	0	1	0
278	2	10	31	0	28	549	0	1	1
279	1	14	72	0	28	549	0	1	0
279	2	14	72	0	28	549	0	1	1
280	1	1	39	0	28	549	0	1	0
280	2	1	39	0	28	549	0	1	1
281	1	5	78	0	28	549	0	1	0
281	2	5	78	0	28	549	0	1	1
282	1	4	44	0	28	549	0	1	0
282	2	4	44	0	28	549	0	1	1
283	1	11	1	0	28	549	0	1	0
283	2	11	1	0	28	549	0	1	1
284	1	8	83	0	28	549	0	1	0
284	2	8	83	0	28	549	0	1	1
285	1	7	52	0	28	549	0	1	0
285	2	7	52	0	28	549	0	1	1
286	1	3	10	0	28	549	0	1	0
286	2	3	10	0	28	549	0	1	1
287	1	13	87	0	28	549	0	1	0
287	2	13	87	0	28	549	0	1	1
288	1	12	59	0	28	549	0	1	0
288	2	12	59	0	28	549	0	1	1
289	1	6	20	0	28	549	0	1	0
289	2	6	20	0	28	549	0	1	1
290	1	2	90	0	28	549	0	1	0
290	2	2	90	0	28	549	0	1	1
291	1	15	92	0	28	549	0	1	0
291	2	15	92	0	28	549	0	1	1
292	1	9	65	0	28	549	0	1	0
292	2	9	65	0	28	549	0	1	1
293	1	10	31	0	28	549	0	1	0
293	2	10	31	0	28	549	0	1	1
294	1	14	72	0	28	549	0	1	0
294	2	14	72	0	28	549	0	1	1
295	1	1	39	0	28	549	0	1	0
295	2	1	39	0	28	549	0	1	1
296	1	5	78	0	28	549	0	1	0
296	2	5	78	0	28	549	0	1	1
297	1	4	44	0	28	549	0	1	0
297	2	4	44	0	28	549	0	1	1
298	1	11	1	0	28	549	0	1	0
298	2	11	1	0	28	549	0	1	1
299	1	8	83	0	28	549	0	1	0
299	2	8	83	0	28	549	0	1	1
300	1	7	52	0	28	549	0	1	0
300	2	7	52	0	28	549	0	1	1
301	1	3	10	0	28	549	0	1	0
301	2	3	10	0	28	549	0	1	1
302	1	13	87	0	28	549	0	1	0
302	2	13	87	0	28	549	0	1	1
303	1	12	59	0	28	549	0	1	0
303	2	12	59	0	28	549	0	1	1
304	1	6	20	0	28	549	0	1	0
304	2	6	20	0	28	549	0	1	1
305	1	2	90	0	28	549	0	1	0
305	2	2	90	0	28	549	0	1	1
306	1	15	92	0	28	549	0	1	0
306	2	15	92	0	28	549	0	1	1
307	1	9	65	0	28	549	0	1	0
307	2	9	65	0	28	549	0	1	1
308	1	10	31	0	28	549	0	1	0
308	2	10	31	0	28	549	0	1	1
309	1	14	72	0	28	549	0	1	0
309	2	14	72	0	28	549	0	1	1
310	1	1	39	0	28	549	0	1	0
310	2	1	39	0	28	549	0	1	1
311	1	5	78	0	28	549	0	1	0
311	2	5	78	0	28	549	0	1	1
312	1	4	44	0	28	549	0	1	0
312	2	4	44	0	28	549	0	1	1
313	1	11	1	0	28	549	0	1	0
313	2	11	1	0	28	549	0	1	1
314	1	8	83	0	28	549	0	1	0
314	2	8	83	0	28	549	0	1	1
315	1	7	52	0	28	549	0	1	0
315	2	7	52	0	28	549	0	1	1
316	1	3	10	0	28	549	0	1	0
316	2	3	10	0	28	549	0	1	1
317	1	13	87	0	28	549	0	1	0
317	2	13	87	0	28	549	0	1	1
318	1	12	59	0	28	549	0	1	0
318	2	12	59	0	28	549	0	1	1
319	1	6	20	0	28	549	0	1	0
319	2	6	20	0	28	549	0	1	1
320	1	2	90	0	28	549	0	1	0
320	2	2	90	0	28	549	0	1	1
321	1	15	92	0	28	549	0	1	0
321	2	15	92	0	28	549	0	1	1
322	1	9	65	0	28	549	0	1	0
322	2	9	65	0	28	549	0	1	1
323	1	10	31	0	28	549	0	1	0
323	2	10	31	0	28	549	0	1	1
324	1	14	72	0	28	549	0	1	0
324	2	14	72	0	28	549	0	1	1
325	1	1	39	0	28	549	0	1	0
325	2	1	39	0	28	549	0	1	1
326	1	5	78	0	28	549	0	1	0
326	2	5	78	0	28	549	0	1	1
327	1	4	44	0	28	549	0	1	0
327	2	4	44	0	28	549	0	1	1
328	1	11	1	0	28	549	0	1	0
328	2	11	1	0	28	549	0	1	1
329	1	8	83	0	28	549	0	1	0
329	2	8	83	0	28	549	0	1	1
330	1	7	52	0	28	549	0	1	0
330	2	7	52	0	28	549	0	1	1
331	1	3	10	0	28	549	0	1	0
331	2	3	10	0	28	549	0	1	1
332	1	13	87	0	28	549	0	1	0
332	2	13	87	0	28	549	0	1	1
333	1	12	59	0	28	549	0	1	0
333	2	12	59	0	28	549	0	1	1
334	1	6	20	0	28	549	0	1	0
334	2	6	20	0	28	549	0	1	1
335	1	2	90	0	28	549	0	1	0
335	2	2	90	0	28	549	0	1	1
336	1	15	92	0	28	549	0	1	0
336	2	15	92	0	28	549	0	1	1
337	1	9	65	0	28	549	0	1	0
337	2	9	65	0	28	549	0	1	1
338	1	10	31	0	28	549	0	1	0
338	2	10	31	0	28	549	0	1	1
339	1	14	72	0	28	549	0	1	0
339	2	14	72	0	28	549	0	1	1
340	1	1	39	0	28	549	0	1	0
340	2	1	39	0	28	549	0	1	1
341	1	5	78	0	28	549	0	1	0
341	2	5	78	0	28	549	0	1	1
342	1	4	44	0	28	549	0	1	0
342	2	4	44	0	28	549	0	1	1
343	1	11	1	0	28	549	0	1	0
343	2	11	1	0	28	549	0	1	1
344	1	8	83	0	28	549	0	1	0
344	2	8	83	0	28	549	0	1	1
345	1	7	52	0	28	549	0	1	0
345	2	7	52	0	28	549	0	1	1
346	1	3	10	0	28	549	0	1	0
346	2	3	10	0	28	549	0	1	1
347	1	13	87	0	28	549	0	1	0
347	2	13	87	0	28	549	0	1	1
348	1	12	59	0	28	549	0	1	0
348	2	12	59	0	28	549	0	1	1
349	1	6	20	0	28	549	0	1	0
349	2	6	20	0	28	549	0	1	1
350	1	2	90	0	28	549	0	1	0
350	2	2	90	0	28	549	0	1	1
351	1	15	92	0	28	549	0	1	0
351	2	15	92	0	28	549	0	1	1
352	1	9	65	0	28	549	0	1	0
352	2	9	65	0	28	549	0	1	1
353	1	10	31	0	28	549	0	1	0
353	2	10	31	0	28	549	0	1	1
354	1	14	72	0	28	549	0	1	0
354	2	14	72	0	28	549	0	1	1
355	1	1	39	0	28	549	0	1	0
355	2	1	39	0	28	549	0	1	1
356	1	5	78	0	28	549	0	1	0
356	2	5	78	0	28	549	0	1	1
357	1	4	44	0	28	549	0	1	0
357	2	4	44	0	28	549	0	1	1
358	1	11	1	0	28	549	0	1	0
358	2	11	1	0	28	549	0	1	1
359	1	8	83	0	28	549	0	1	0
359	2	8	83	0	28	549	0	1	1
360	1	7	52	0	28	549	0	1	0
360	2	7	52	0	28	549	0	1	1
361	1	3	10	0	28	549	0	1	0
361	2	3	10	0	28	549	0	1	1
362	1	13	87	0	28	549	0	1	0
362	2	13	87	0	28	549	0	1	1
363	1	12	59	0	28	549	0	1	0
363	2	12	59	0	28	549	0	1	1
364	1	6	20	0	28	549	0	1	0
364	2	6	20	0	28	549	0	1	1
365	1	2	90	0	28	549	0	1	0
365	2	2	90	0	28	549	0	1	1
366	1	15	92	0	28	549	0	1	0
366	2	15	92	0	28	549	0	1	1
367	1	9	65	0	28	549	0	1	0
367	2	9	65	0	28	549	0	1	1
368	1	10	31	0	28	549	0	1	0
368	2	10	31	0	28	549	0	1	1
369	1	14	72	0	28	549	0	1	0
369	2	14	72	0	28	549	0	1	1
370	1	1	39	0	28	549	0	1	0
370	2	1	39	0	28	549	0	1	1
371	1	5	78	0	28	549	0	1	0
371	2	5	78	0	28	549	0	1	1
372	1	4	44	0	28	549	0	1	0
372	2	4	44	0	28	549	0	1	1
373	1	11	1	0	28	549	0	1	0
373	2	11	1	0	28	549	0	1	1
374	1	8	83	0	28	549	0	1	0
374	2	8	83	0	28	549	0	1	1
375	1	7	52	0	28	549	0	1	0
375	2	7	52	0	28	549	0	1	1
376	1	3	10	0	28	549	0	1	0
376	2	3	10	0	28	549	0	1	1
377	1	13	87	0	28	549	0	1	0
377	2	13	87	0	28	549	0	1	1
378	1	12	59	0	28	549	0	1	0
378	2	12	59	0	28	549	0	1	1
379	1	6	20	0	28	549	0	1	0
379	2	6	20	0	28	549	0	1	1
380	1	2	90	0	28	549	0	1	0
380	2	2	90	0	28	549	0	1	1
381	1	15	92	0	28	549	0	1	0
381	2	15	92	0	28	549	0	1	1
382	1	9	65	0	28	549	0	1	0
382	2	9	65	0	28	549	0	1	1
383	1	10	31	0	28	549	0	1	0
383	2	10	31	0	28	549	0	1	1
384	1	14	72	0	28	549	0	1	0
384	2	14	72	0	28	549	0	1	1
385	1	1	39	0	28	549	0	1	0
385	2	1	39	0	28	549	0	1	1
386	1	5	78	0	28	549	0	1	0
386	2	5	78	0	28	549	0	1	1
387	1	4	44	0	28	549	0	1	0
387	2	4	44	0	28	549	0	1	1
388	1	11	1	0	28	549	0	1	0
388	2	11	1	0	28	549	0	1	1
389	1	8	83	0	28	549	0	1	0
389	2	8	83	0	28	549	0	1	1
390	1	7	52	0	28	549	0	1	0
390	2	7	52	0	28	549	0	1	1
391	1	3	10	0	28	549	0	1	0
391	2	3	10	0	28	549	0	1	1
392	1	13	87	0	28	549	0	1	0
392	2	13	87	0	28	549	0	1	1
393	1	12	59	0	28	549	0	1	0
393	2	12	59	0	28	549	0	1	1
394	1	6	20	0	28	549	0	1	0
394	2	6	20	0	28	549	0	1	1
395	1	2	90	0	28	549	0	1	0
395	2	2	90	0	28	549	0	1	1
396	1	15	92	0	28	549	0	1	0
396	2	15	92	0	28	549	0	1	1
397	1	9	65	0	28	549	0	1	0
397	2	9	65	0	28	549	0	1	1
398	1	10	31	0	28	549	0	1	0
398	2	10	31	0	28	549	0	1	1
399	1	14	72	0	28	549	0	1	0
399	2	14	72	0	28	549	0	1	1
400	1	1	39	0	28	549	0	1	0
400	2	1	39	0	28	549	0	1	1
401	1	5	78	0	28	549	0	1	0
401	2	5	78	0	28	549	0	1	1
402	1	4	44	0	28	549	0	1	0
402	2	4	44	0	28	549	0	1	1
403	1	11	1	0	28	549	0	1	0
403	2	11	1	0	28	549	0	1	1
404	1	8	83	0	28	549	0	1	0
404	2	8	83	0	28	549	0	1	1
405	1	7	52	0	28	549	0	1	0
405	2	7	52	0	28	549	0	1	1
406	1	3	10	0	28	549	0	1	0
406	2	3	10	0	28	549	0	1	1
407	1	13	87	0	28	549	0	1	0
407	2	13	87	0	28	549	0	1	1
408	1	12	59	0	28	549	0	1	0
408	2	12	59	0	28	549	0	1	1
409	1	6	20	0	28	549	0	1	0
409	2	6	20	0	28	549	0	1	1
410	1	2	90	0	28	549	0	1	0
410	2	2	90	0	28	549	0	1	1
411	1	15	92	0	28	549	0	1	0
411	2	15	92	0	28	549	0	1	1
412	1	9	65	0	28	549	0	1	0
412	2	9	65	0	28	549	0	1	1
413	1	10	31	0	28	549	0	1	0
413	2	10	31	0	28	549	0	1	1
414	1	14	72	0	28	549	0	1	0
414	2	14	72	0	28	549	0	1	1
415	1	1	39	0	28	549	0	1	0
415	2	1	39	0	28	549	0	1	1
416	1	5	78	0	28	549	0	1	0
416	2	5	78	0	28	549	0	1	1
417	1	4	44	0	28	549	0	1	0
417	2	4	44	0	28	549	0	1	1
418	1	11	1	0	28	549	0	1	0
418	2	11	1	0	28	549	0	1	1
419	1	8	83	0	28	549	0	1	0
419	2	8	83	0	28	549	0	1	1
420	1	7	52	0	28	549	0	1	0
420	2	7	52	0	28	549	0	1	1
421	1	3	10	0	28	549	0	1	0
421	2	3	10	0	28	549	0	1	1
422	1	13	87	0	28	549	0	1	0
422	2	13	87	0	28	549	0	1	1
423	1	12	59	0	28	549	0	1	0
423	2	12	59	0	28	549	0	1	1
424	1	6	20	0	28	549	0	1	0
424	2	6	20	0	28	549	0	1	1
425	1	2	90	0	28	549	0	1	0
425	2	2	90	0	28	549	0	1	1
426	1	15	92	0	28	549	0	1	0
426	2	15	92	0	28	549	0	1	1
427	1	9	65	0	28	549	0	1	0
427	2	9	65	0	28	549	0	1	1
428	1	10	31	0	28	549	0	1	0
428	2	10	31	0	28	549	0	1	1
429	1	14	72	0	28	549	0	1	0
429	2	14	72	0	28	549	0	1	1
430	1	1	39	0	28	549	0	1	0
430	2	1	39	0	28	549	0	1	1
431	1	5	78	0	28	549	0	1	0
431	2	5	78	0	28	549	0	1	1
432	1	4	44	0	28	549	0	1	0
432	2	4	44	0	28	549	0	1	1
433	1	11	1	0	28	549	0	1	0
433	2	11	1	0	28	549	0	1	1
434	1	8	83	0	28	549	0	1	0
434	2	8	83	0	28	549	0	1	1
435	1	7	52	0	28	549	0	1	0
435	2	7	52	0	28	549	0	1	1
436	1	3	10	0	28	549	0	1	0
436	2	3	10	0	28	549	0	1	1
437	1	13	87	0	28	549	0	1	0
437	2	13	87	0	28	549	0	1	1
438	1	12	59	0	28	549	0	1	0
438	2	12	59	0	28	549	0	1	1
439	1	6	20	0	28	549	0	1	0
439	2	6	20	0	28	549	0	1	1
440	1	2	90	0	28	549	0	1	0
440	2	2	90	0	28	549	0	1	1
441	1	15	92	0	28	549	0	1	0
441	2	15	92	0	28	549	0	1	1
442	1	9	65	0	28	549	0	1	0
442	2	9	65	0	28	549	0	1	1
443	1	10	31	0	28	549	0	1	0
443	2	10	31	0	28	549	0	1	1
444	1	14	72	0	28	549	0	1	0
444	2	14	72	0	28	549	0	1	1
445	1	1	39	0	28	549	0	1	0
445	2	1	39	0	28	549	0	1	1
446	1	5	78	0	28	549	0	1	0
446	2	5	78	0	28	549	0	1	1
447	1	4	44	0	28	549	0	1	0
447	2	4	44	0	28	549	0	1	1
448	1	11	1	0	28	549	0	1	0
448	2	11	1	0	28	549	0	1	1
449	1	8	83	0	28	549	0	1	0
449	2	8	83	0	28	549	0	1	1
450	1	7	52	0	28	549	0	1	0
450	2	7	52	0	28	549	0	1	1
451	1	3	10	0	28	549	0	1	0
451	2	3	10	0	28	549	0	1	1
452	1	13	87	0	28	549	0	1	0
452	2	13	87	0	28	549	0	1	1
453	1	12	59	0	28	549	0	1	0
453	2	12	59	0	28	549	0	1	1
454	1	6	20	0	28	549	0	1	0
454	2	6	20	0	28	549	0	1	1
455	1	2	90	0	28	549	0	1	0
455	2	2	90	0	28	549	0	1	1
456	1	15	92	0	28	549	0	1	0
456	2	15	92	0	28	549	0	1	1
457	1	9	65	0	28	549	0	1	0
457	2	9	65	0	28	549	0	1	1
458	1	10	31	0	28	549	0	1	0
458	2	10	31	0	28	549	0	1	1
459	1	14	72	0	28	549	0	1	0
459	2	14	72	0	28	549	0	1	1
460	1	1	39	0	28	549	0	1	0
460	2	1	39	0	28	549	0	1	1
461	1	5	78	0	28	549	0	1	0
461	2	5	78	0	28	549	0	1	1
462	1	4	44	0	28	549	0	1	0
462	2	4	44	0	28	549	0	1	1
463	1	11	1	0	28	549	0	1	0
463	2	11	1	0	28	549	0	1	1
464	1	8	83	0	28	549	0	1	0
464	2	8	83	0	28	549	0	1	1
465	1	7	52	0	28	549	0	1	0
465	2	7	52	0	28	549	0	1	1
466	1	3	10	0	28	549	0	1	0
466	2	3	10	0	28	549	0	1	1
467	1	13	87	0	28	549	0	1	0
467	2	13	87	0	28	549	0	1	1
468	1	12	59	0	28	549	0	1	0
468	2	12	59	0	28	549	0	1	1
469	1	6	20	0	28	549	0	1	0
469	2	6	20	0	28	549	0	1	1
470	1	2	90	0	28	549	0	1	0
470	2	2	90	0	28	549	0	1	1
471	1	15	92	0	28	549	0	1	0
471	2	15	92	0	28	549	0	1	1
472	1	9	65	0	28	549	0	1	0
472	2	9	65	0	28	549	0	1	1
473	1	10	31	0	28	549	0	1	0
473	2	10	31	0	28	549	0	1	1
474	1	14	72	0	28	549	0	1	0
474	2	14	72	0	28	549	0	1	1
475	1	1	39	0	28	549	0	1	0
475	2	1	39	0	28	549	0	1	1
476	1	5	78	0	28	549	0	1	0
476	2	5	78	0	28	549	0	1	1
477	1	4	44	0	28	549	0	1	0
477	2	4	44	0	28	549	0	1	1
478	1	11	1	0	28	549	0	1	0
478	2	11	1	0	28	549	0	1	1
479	1	8	83	0	28	549	0	1	0
479	2	8	83	0	28	549	0	1	1
480	1	7	52	0	28	549	0	1	0
480	2	7	52	0	28	549	0	1	1
481	1	3	10	0	28	549	0	1	0
481	2	3	10	0	28	549	0	1	1
482	1	13	87	0	28	549	0	1	0
482	2	13	87	0	28	549	0	1	1
483	1	12	59	0	28	549	0	1	0
483	2	12	59	0	28	549	0	1	1
484	1	6	20	0	28	549	0	1	0
484	2	6	20	0	28	549	0	1	1
485	1	2	90	0	28	549	0	1	0
485	2	2	90	0	28	549	0	1	1
486	1	15	92	0	28	549	0	1	0
486	2	15	92	0	28	549	0	1	1
487	1	9	65	0	28	549	0	1	0
487	2	9	65	0	28	549	0	1	1
488	1	10	31	0	28	549	0	1	0
488	2	10	31	0	28	549	0	1	1
489	1	14	72	0	28	549	0	1	0
489	2	14	72	0	28	549	0	1	1
490	1	1	39	0	28	549	0	1	0
490	2	1	39	0	28	549	0	1	1
491	1	5	78	0	28	549	0	1	0
491	2	5	78	0	28	549	0	1	1
492	1	4	44	0	28	549	0	1	0
492	2	4	44	0	28	549	0	1	1
493	1	11	1	0	28	549	0	1	0
493	2	11	1	0	28	549	0	1	1
494	1	8	83	0	28	549	0	1	0
494	2	8	83	0	28	549	0	1	1
495	1	7	52	0	28	549	0	1	0
495	2	7	52	0	28	549	0	1	1
496	1	3	10	0	28	549	0	1	0
496	2	3	10	0	28	549	0	1	1
497	1	13	87	0	28	549	0	1	0
497	2	13	87	0	28	549	0	1	1
498	1	12	59	0	28	549	0	1	0
498	2	12	59	0	28	549	0	1	1
499	1	6	20	0	28	549	0	1	0
499	2	6	20	0	28	549	0	1	1
500	1	2	90	0	28	549	0	1	0
500	2	2	90	0	28	549	0	1	1
501	1	15	92	0	28	549	0	1	0
501	2	15	92	0	28	549	0	1	1
502	1	9	65	0	28	549	0	1	0
502	2	9	65	0	28	549	0	1	1
503	1	10	31	0	28	549	0	1	0
503	2	10	31	0	28	549	0	1	1
504	1	14	72	0	28	549	0	1	0
504	2	14	72	0	28	549	0	1	1
505	1	1	39	0	28	549	0	1	0
505	2	1	39	0	28	549	0	1	1
506	1	5	78	0	28	549	0	1	0
506	2	5	78	0	28	549	0	1	1
507	1	4	44	0	28	549	0	1	0
507	2	4	44	0	28	549	0	1	1
508	1	11	1	0	28	549	0	1	0
508	2	11	1	0	28	549	0	1	1
509	1	8	83	0	28	549	0	1	0
509	2	8	83	0	28	549	0	1	1
510	1	7	52	0	28	549	0	1	0
510	2	7	52	0	28	549	0	1	1
511	1	3	10	0	28	549	0	1	0
511	2	3	10	0	28	549	0	1	1
512	1	13	87	0	28	549	0	1	0
512	2	13	87	0	28	549	0	1	1
513	1	12	59	0	28	549	0	1	0
513	2	12	59	0	28	549	0	1	1
514	1	6	20	0	28	549	0	1	0
514	2	6	20	0	28	549	0	1	1
515	1	2	90	0	28	549	0	1	0
515	2	2	90	0	28	549	0	1	1
516	1	15	92	0	28	549	0	1	0
516	2	15	92	0	28	549	0	1	1
517	1	9	65	0	28	549	0	1	0
517	2	9	65	0	28	549	0	1	1
518	1	10	31	0	28	549	0	1	0
518	2	10	31	0	28	549	0	1	1
519	1	14	72	0	28	549	0	1	0
519	2	14	72	0	28	549	0	1	1
520	1	1	39	0	28	549	0	1	0
520	2	1	39	0	28	549	0	1	1
521	1	5	78	0	28	549	0	1	0
521	2	5	78	0	28	549	0	1	1
522	1	4	44	0	28	549	0	1	0
522	2	4	44	0	28	549	0	1	1
523	1	11	1	0	28	549	0	1	0
523	2	11	1	0	28	549	0	1	1
524	1	8	83	0	28	549	0	1	0
524	2	8	83	0	28	549	0	1	1
525	1	7	52	0	28	549	0	1	0
525	2	7	52	0	28	549	0	1	1
526	1	3	10	0	28	549	0	1	0
526	2	3	10	0	28	549	0	1	1
527	1	13	87	0	28	549	0	1	0
527	2	13	87	0	28	549	0	1	1
528	1	12	59	0	28	549	0	1	0
528	2	12	59	0	28	549	0	1	1
529	1	6	20	0	28	549	0	1	0
529	2	6	20	0	28	549	0	1	1
530	1	2	90	0	28	549	0	1	0
530	2	2	90	0	28	549	0	1	1
531	1	15	92	0	28	549	0	1	0
531	2	15	92	0	28	549	0	1	1
532	1	9	65	0	28	549	0	1	0
532	2	9	65	0	28	549	0	1	1
533	1	10	31	0	28	549	0	1	0
533	2	10	31	0	28	549	0	1	1
534	1	14	72	0	28	549	0	1	0
534	2	14	72	0	28	549	0	1	1
535	1	1	39	0	28	549	0	1	0
535	2	1	39	0	28	549	0	1	1
536	1	5	78	0	28	549	0	1	0
536	2	5	78	0	28	549	0	1	1
537	1	4	44	0	28	549	0	1	0
537	2	4	44	0	28	549	0	1	1
538	1	11	1	0	28	549	0	1	0
538	2	11	1	0	28	549	0	1	1
539	1	8	83	0	28	549	0	1	0
539	2	8	83	0	28	549	0	1	1
540	1	7	52	0	28	549	0	1	0
540	2	7	52	0	28	549	0	1	1
541	1	3	10	0	28	549	0	1	0
541	2	3	10	0	28	549	0	1	1
542	1	13	87	0	28	549	0	1	0
542	2	13	87	0	28	549	0	1	1
543	1	12	59	0	28	549	0	1	0
543	2	12	59	0	28	549	0	1	1
544	1	6	20	0	28	549	0	1	0
544	2	6	20	0	28	549	0	1	1
545	1	2	90	0	28	549	0	1	0
545	2	2	90	0	28	549	0	1	1
546	1	15	92	0	28	549	0	1	0
546	2	15	92	0	28	549	0	1	1
547	1	9	65	0	28	549	0	1	0
547	2	9	65	0	28	549	0	1	1
548	1	10	31	0	28	549	0	1	0
548	2	10	31	0	28	549	0	1	1
549	1	14	72	0	28	549	0	1	0
549	2	14	72	0	28	549	0	1	1
550	1	1	39	0	28	549	0	1	0
550	2	1	39	0	28	549	0	1	1
551	1	5	78	0	28	549	0	1	0
551	2	5	78	0	28	549	0	1	1
552	1	4	44	0	28	549	0	1	0
552	2	4	44	0	28	549	0	1	1
553	1	11	1	0	28	549	0	1	0
553	2	11	1	0	28	549	0	1	1
554	1	8	83	0	28	549	0	1	0
554	2	8	83	0	28	549	0	1	1
555	1	7	52	0	28	549	0	1	0
555	2	7	52	0	28	549	0	1	1
556	1	3	10	0	28	549	0	1	0
556	2	3	10	0	28	549	0	1	1
557	1	13	87	0	28	549	0	1	0
557	2	13	87	0	28	549	0	1	1
558	1	12	59	0	28	549	0	1	0
558	2	12	59	0	28	549	0	1	1
559	1	6	20	0	28	549	0	1	0
559	2	6	20	0	28	549	0	1	1
560	1	2	90	0	28	549	0	1	0
560	2	2	90	0	28	549	0	1	1
561	1	15	92	0	28	549	0	1	0
561	2	15	92	0	28	549	0	1	1
562	1	9	65	0	28	549	0	1	0
562	2	9	65	0	28	549	0	1	1
563	1	10	31	0	28	549	0	1	0
563	2	10	31	0	28	549	0	1	1
564	1	14	72	0	28	549	0	1	0
564	2	14	72	0	28	549	0	1	1
565	1	1	39	0	28	549	0	1	0
565	2	1	39	0	28	549	0	1	1
566	1	5	78	0	28	549	0	1	0
566	2	5	78	0	28	549	0	1	1
567	1	4	44	0	28	549	0	1	0
567	2	4	44	0	28	549	0	1	1
568	1	11	1	0	28	549	0	1	0
568	2	11	1	0	28	549	0	1	1
569	1	8	83	0	28	549	0	1	0
569	2	8	83	0	28	549	0	1	1
570	1	7	52	0	28	549	0	1	0
570	2	7	52	0	28	549	0	1	1
571	1	3	10	0	28	549	0	1	0
571	2	3	10	0	28	549	0	1	1
572	1	13	87	0	28	549	0	1	0
572	2	13	87	0	28	549	0	1	1
573	1	12	59	0	28	549	0	1	0
573	2	12	59	0	28	549	0	1	1
574	1	6	20	0	28	549	0	1	0
574	2	6	20	0	28	549	0	1	1
575	1	2	90	0	28	549	0	1	0
575	2	2	90	0	28	549	0	1	1
576	1	15	92	0	28	549	0	1	0
576	2	15	92	0	28	549	0	1	1
577	1	9	65	0	28	549	0	1	0
577	2	9	65	0	28	549	0	1	1
578	1	10	31	0	28	549	0	1	0
578	2	10	31	0	28	549	0	1	1
579	1	14	72	0	28	549	0	1	0
579	2	14	72	0	28	549	0	1	1
580	1	1	39	0	28	549	0	1	0
580	2	1	39	0	28	549	0	1	1
581	1	5	78	0	28	549	0	1	0
581	2	5	78	0	28	549	0	1	1
582	1	4	44	0	28	549	0	1	0
582	2	4	44	0	28	549	0	1	1
583	1	11	1	0	28	549	0	1	0
583	2	11	1	0	28	549	0	1	1
584	1	8	83	0	28	549	0	1	0
584	2	8	83	0	28	549	0	1	1
585	1	7	52	0	28	549	0	1	0
585	2	7	52	0	28	549	0	1	1
586	1	3	10	0	28	549	0	1	0
586	2	3	10	0	28	549	0	1	1
587	1	13	87	0	28	549	0	1	0
587	2	13	87	0	28	549	0	1	1
588	1	12	59	0	28	549	0	1	0
588	2	12	59	0	28	549	0	1	1
589	1	6	20	0	28	549	0	1	0
589	2	6	20	0	28	549	0	1	1
590	1	2	90	0	28	549	0	1	0
590	2	2	90	0	28	549	0	1	1
591	1	15	92	0	28	549	0	1	0
591	2	15	92	0	28	549	0	1	1
592	1	9	65	0	28	549	0	1	0
592	2	9	65	0	28	549	0	1	1
593	1	10	31	0	28	549	0	1	0
593	2	10	31	0	28	549	0	1	1
594	1	14	72	0	28	549	0	1	0
594	2	14	72	0	28	549	0	1	1
595	1	1	39	0	28	549	0	1	0
595	2	1	39	0	28	549	0	1	1
596	1	5	78	0	28	549	0	1	0
596	2	5	78	0	28	549	0	1	1
597	1	4	44	0	28	549	0	1	0
597	2	4	44	0	28	549	0	1	1
598	1	11	1	0	28	549	0	1	0
598	2	11	1	0	28	549	0	1	1
599	1	8	83	0	28	549	0	1	0
599	2	8	83	0	28	549	0	1	1
600	1	7	52	0	28	549	0	1	0
600	2	7	52	0	28	549	0	1	1
601	1	3	10	0	28	549	0	1	0
601	2	3	10	0	28	549	0	1	1
602	1	13	87	0	28	549	0	1	0
602	2	13	87	0	28	549	0	1	1
603	1	12	59	0	28	549	0	1	0
603	2	12	59	0	28	549	0	1	1
604	1	6	20	0	28	549	0	1	0
604	2	6	20	0	28	549	0	1	1
605	1	2	90	0	28	549	0	1	0
605	2	2	90	0	28	549	0	1	1
606	1	15	92	0	28	549	0	1	0
606	2	15	92	0	28	549	0	1	1
607	1	9	65	0	28	549	0	1	0
607	2	9	65	0	28	549	0	1	1
608	1	10	31	0	28	549	0	1	0
608	2	10	31	0	28	549	0	1	1
609	1	14	72	0	28	549	0	1	0
609	2	14	72	0	28	549	0	1	1
610	1	1	39	0	28	549	0	1	0
610	2	1	39	0	28	549	0	1	1
611	1	5	78	0	28	549	0	1	0
611	2	5	78	0	28	549	0	1	1
612	1	4	44	0	28	549	0	1	0
612	2	4	44	0	28	549	0	1	1
613	1	11	1	0	28	549	0	1	0
613	2	11	1	0	28	549	0	1	1
614	1	8	83	0	28	549	0	1	0
614	2	8	83	0	28	549	0	1	1
615	1	7	52	0	28	549	0	1	0
615	2	7	52	0	28	549	0	1	1
616	1	3	10	0	28	549	0	1	0
616	2	3	10	0	28	549	0	1	1
617	1	13	87	0	28	549	0	1	0
617	2	13	87	0	28	549	0	1	1
618	1	12	59	0	28	549	0	1	0
618	2	12	59	0	28	549	0	1	1
619	1	6	20	0	28	549	0	1	0
619	2	6	20	0	28	549	0	1	1
620	1	2	90	0	28	549	0	1	0
620	2	2	90	0	28	549	0	1	1
621	1	15	92	0	28	549	0	1	0
621	2	15	92	0	28	549	0	1	1
622	1	9	65	0	28	549	0	1	0
622	2	9	65	0	28	549	0	1	1
623	1	10	31	0	28	549	0	1	0
623	2	10	31	0	28	549	0	1	1
624	1	14	72	0	28	549	0	1	0
624	2	14	72	0	28	549	0	1	1
625	1	1	39	0	28	549	0	1	0
625	2	1	39	0	28	549	0	1	1
626	1	5	78	0	28	549	0	1	0
626	2	5	78	0	28	549	0	1	1
627	1	4	44	0	28	549	0	1	0
627	2	4	44	0	28	549	0	1	1
628	1	11	1	0	28	549	0	1	0
628	2	11	1	0	28	549	0	1	1
629	1	8	83	0	28	549	0	1	0
629	2	8	83	0	28	549	0	1	1
630	1	7	52	0	28	549	0	1	0
630	2	7	52	0	28	549	0	1	1
631	1	3	10	0	28	549	0	1	0
631	2	3	10	0	28	549	0	1	1
632	1	13	87	0	28	549	0	1	0
632	2	13	87	0	28	549	0	1	1
633	1	12	59	0	28	549	0	1	0
633	2	12	59	0	28	549	0	1	1
634	1	6	20	0	28	549	0	1	0
634	2	6	20	0	28	549	0	1	1
635	1	2	90	0	28	549	0	1	0
635	2	2	90	0	28	549	0	1	1
636	1	15	92	0	28	549	0	1	0
636	2	15	92	0	28	549	0	1	1
637	1	9	65	0	28	549	0	1	0
637	2	9	65	0	28	549	0	1	1
638	1	10	31	0	28	549	0	1	0
638	2	10	31	0	28	549	0	1	1
639	1	14	72	0	28	549	0	1	0
639	2	14	72	0	28	549	0	1	1
640	1	1	39	0	28	549	0	1	0
640	2	1	39	0	28	549	0	1	1
641	1	5	78	0	28	549	0	1	0
641	2	5	78	0	28	549	0	1	1
642	1	4	44	0	28	549	0	1	0
642	2	4	44	0	28	549	0	1	1
643	1	11	1	0	28	549	0	1	0
643	2	11	1	0	28	549	0	1	1
644	1	8	83	0	28	549	0	1	0
644	2	8	83	0	28	549	0	1	1
645	1	7	52	0	28	549	0	1	0
645	2	7	52	0	28	549	0	1	1
646	1	3	10	0	28	549	0	1	0
646	2	3	10	0	28	549	0	1	1
647	1	13	87	0	28	549	0	1	0
647	2	13	87	0	28	549	0	1	1
648	1	12	59	0	28	549	0	1	0
648	2	12	59	0	28	549	0	1	1
649	1	6	20	0	28	549	0	1	0
649	2	6	20	0	28	549	0	1	1
650	1	2	90	0	28	549	0	1	0
650	2	2	90	0	28	549	0	1	1
651	1	15	92	0	28	549	0	1	0
651	2	15	92	0	28	549	0	1	1
652	1	9	65	0	28	549	0	1	0
652	2	9	65	0	28	549	0	1	1
653	1	10	31	0	28	549	0	1	0
653	2	10	31	0	28	549	0	1	1
654	1	14	72	0	28	549	0	1	0
654	2	14	72	0	28	549	0	1	1
655	1	1	39	0	28	549	0	1	0
655	2	1	39	0	28	549	0	1	1
656	1	5	78	0	28	549	0	1	0
656	2	5	78	0	28	549	0	1	1
657	1	4	44	0	28	549	0	1	0
657	2	4	44	0	28	549	0	1	1
658	1	11	1	0	28	549	0	1	0
658	2	11	1	0	28	549	0	1	1
659	1	8	83	0	28	549	0	1	0
659	2	8	83	0	28	549	0	1	1
660	1	7	52	0	28	549	0	1	0
660	2	7	52	0	28	549	0	1	1
661	1	3	10	0	28	549	0	1	0
661	2	3	10	0	28	549	0	1	1
662	1	13	87	0	28	549	0	1	0
662	2	13	87	0	28	549	0	1	1
663	1	12	59	0	28	549	0	1	0
663	2	12	59	0	28	549	0	1	1
664	1	6	20	0	28	549	0	1	0
664	2	6	20	0	28	549	0	1	1
665	1	2	90	0	28	549	0	1	0
665	2	2	90	0	28	549	0	1	1
666	1	15	92	0	28	549	0	1	0
666	2	15	92	0	28	549	0	1	1
667	1	9	65	0	28	549	0	1	0
667	2	9	65	0	28	549	0	1	1
668	1	10	31	0	28	549	0	1	0
668	2	10	31	0	28	549	0	1	1
669	1	14	72	0	28	549	0	1	0
669	2	14	72	0	28	549	0	1	1
670	1	1	39	0	28	549	0	1	0
670	2	1	39	0	28	549	0	1	1
671	1	5	78	0	28	549	0	1	0
671	2	5	78	0	28	549	0	1	1
672	1	4	44	0	28	549	0	1	0
672	2	4	44	0	28	549	0	1	1
673	1	11	1	0	28	549	0	1	0
673	2	11	1	0	28	549	0	1	1
674	1	8	83	0	28	549	0	1	0
674	2	8	83	0	28	549	0	1	1
675	1	7	52	0	28	549	0	1	0
675	2	7	52	0	28	549	0	1	1
676	1	3	10	0	28	549	0	1	0
676	2	3	10	0	28	549	0	1	1
677	1	13	87	0	28	549	0	1	0
677	2	13	87	0	28	549	0	1	1
678	1	12	59	0	28	549	0	1	0
678	2	12	59	0	28	549	0	1	1
679	1	6	20	0	28	549	0	1	0
679	2	6	20	0	28	549	0	1	1
680	1	2	90	0	28	549	0	1	0
680	2	2	90	0	28	549	0	1	1
681	1	15	92	0	28	549	0	1	0
681	2	15	92	0	28	549	0	1	1
682	1	9	65	0	28	549	0	1	0
682	2	9	65	0	28	549	0	1	1
683	1	10	31	0	28	549	0	1	0
683	2	10	31	0	28	549	0	1	1
684	1	14	72	0	28	549	0	1	0
684	2	14	72	0	28	549	0	1	1
685	1	1	39	0	28	549	0	1	0
685	2	1	39	0	28	549	0	1	1
686	1	5	78	0	28	549	0	1	0
686	2	5	78	0	28	549	0	1	1
687	1	4	44	0	28	549	0	1	0
687	2	4	44	0	28	549	0	1	1
688	1	11	1	0	28	549	0	1	0
688	2	11	1	0	28	549	0	1	1
689	1	8	83	0	28	549	0	1	0
689	2	8	83	0	28	549	0	1	1
690	1	7	52	0	28	549	0	1	0
690	2	7	52	0	28	549	0	1	1
691	1	3	10	0	28	549	0	1	0
691	2	3	10	0	28	549	0	1	1
692	1	13	87	0	28	549	0	1	0
692	2	13	87	0	28	549	0	1	1
693	1	12	59	0	28	549	0	1	0
693	2	12	59	0	28	549	0	1	1
694	1	6	20	0	28	549	0	1	0
694	2	6	20	0	28	549	0	1	1
695	1	2	90	0	28	549	0	1	0
695	2	2	90	0	28	549	0	1	1
696	1	15	92	0	28	549	0	1	0
696	2	15	92	0	28	549	0	1	1
697	1	9	65	0	28	549	0	1	0
697	2	9	65	0	28	549	0	1	1
698	1	10	31	0	28	549	0	1	0
698	2	10	31	0	28	549	0	1	1
699	1	14	72	0	28	549	0	1	0
699	2	14	72	0	28	549	0	1	1
700	1	1	39	0	28	549	0	1	0
700	2	1	39	0	28	549	0	1	1
701	1	5	78	0	28	549	0	1	0
701	2	5	78	0	28	549	0	1	1
702	1	4	44	0	28	549	0	1	0
702	2	4	44	0	28	549	0	1	1
703	1	11	1	0	28	549	0	1	0
703	2	11	1	0	28	549	0	1	1
704	1	8	83	0	28	549	0	1	0
704	2	8	83	0	28	549	0	1	1
705	1	7	52	0	28	549	0	1	0
705	2	7	52	0	28	549	0	1	1
706	1	3	10	0	28	549	0	1	0
706	2	3	10	0	28	549	0	1	1
707	1	13	87	0	28	549	0	1	0
707	2	13	87	0	28	549	0	1	1
708	1	12	59	0	28	549	0	1	0
708	2	12	59	0	28	549	0	1	1
709	1	6	20	0	28	549	0	1	0
709	2	6	20	0	28	549	0	1	1
710	1	2	90	0	28	549	0	1	0
710	2	2	90	0	28	549	0	1	1
711	1	15	92	0	28	549	0	1	0
711	2	15	92	0	28	549	0	1	1
712	1	9	65	0	28	549	0	1	0
712	2	9	65	0	28	549	0	1	1
713	1	10	31	0	28	549	0	1	0
713	2	10	31	0	28	549	0	1	1
714	1	14	72	0	28	549	0	1	0
714	2	14	72	0	28	549	0	1	1
715	1	1	39	0	28	549	0	1	0
715	2	1	39	0	28	549	0	1	1
716	1	5	78	0	28	549	0	1	0
716	2	5	78	0	28	549	0	1	1
717	1	4	44	0	28	549	0	1	0
717	2	4	44	0	28	549	0	1	1
718	1	11	1	0	28	549	0	1	0
718	2	11	1	0	28	549	0	1	1
719	1	8	83	0	28	549	0	1	0
719	2	8	83	0	28	549	0	1	1
720	1	7	52	0	28	549	0	1	0
720	2	7	52	0	28	549	0	1	1
721	1	3	10	0	28	549	0	1	0
721	2	3	10	0	28	549	0	1	1
722	1	13	87	0	28	549	0	1	0
722	2	13	87	0	28	549	0	1	1
723	1	12	59	0	28	549	0	1	0
723	2	12	59	0	28	549	0	1	1
724	1	6	20	0	28	549	0	1	0
724	2	6	20	0	28	549	0	1	1
725	1	2	90	0	28	549	0	1	0
725	2	2	90	0	28	549	0	1	1
726	1	15	92	0	28	549	0	1	0
726	2	15	92	0	28	549	0	1	1
727	1	9	65	0	28	549	0	1	0
727	2	9	65	0	28	549	0	1	1
728	1	10	31	0	28	549	0	1	0
728	2	10	31	0	28	549	0	1	1
729	1	14	72	0	28	549	0	1	0
729	2	14	72	0	28	549	0	1	1
730	1	1	39	0	28	549	0	1	0
730	2	1	39	0	28	549	0	1	1
731	1	5	78	0	28	549	0	1	0
731	2	5	78	0	28	549	0	1	1
732	1	4	44	0	28	549	0	1	0
732	2	4	44	0	28	549	0	1	1
733	1	11	1	0	28	549	0	1	0
733	2	11	1	0	28	549	0	1	1
734	1	8	83	0	28	549	0	1	0
734	2	8	83	0	28	549	0	1	1
735	1	7	52	0	28	549	0	1	0
735	2	7	52	0	28	549	0	1	1
736	1	3	10	0	28	549	0	1	0
736	2	3	10	0	28	549	0	1	1
737	1	13	87	0	28	549	0	1	0
737	2	13	87	0	28	549	0	1	1
738	1	12	59	0	28	549	0	1	0
738	2	12	59	0	28	549	0	1	1
739	1	6	20	0	28	549	0	1	0
739	2	6	20	0	28	549	0	1	1
740	1	2	90	0	28	549	0	1	0
740	2	2	90	0	28	549	0	1	1
741	1	15	92	0	28	549	0	1	0
741	2	15	92	0	28	549	0	1	1
742	1	9	65	0	28	549	0	1	0
742	2	9	65	0	28	549	0	1	1
743	1	10	31	0	28	549	0	1	0
743	2	10	31	0	28	549	0	1	1
744	1	14	72	0	28	549	0	1	0
744	2	14	72	0	28	549	0	1	1
745	1	1	39	0	28	549	0	1	0
745	2	1	39	0	28	549	0	1	1
746	1	5	78	0	28	549	0	1	0
746	2	5	78	0	28	549	0	1	1
747	1	4	44	0	28	549	0	1	0
747	2	4	44	0	28	549	0	1	1
748	1	11	1	0	28	549	0	1	0
748	2	11	1	0	28	549	0	1	1
749	1	8	83	0	28	549	0	1	0
749	2	8	83	0	28	549	0	1	1
750	1	7	52	0	28	549	0	1	0
750	2	7	52	0	28	549	0	1	1
751	1	3	10	0	28	549	0	1	0
751	2	3	10	0	28	549	0	1	1
752	1	13	87	0	28	549	0	1	0
752	2	13	87	0	28	549	0	1	1
753	1	12	59	0	28	549	0	1	0
753	2	12	59	0	28	549	0	1	1
754	1	6	20	0	28	549	0	1	0
754	2	6	20	0	28	549	0	1	1
755	1	2	90	0	28	549	0	1	0
755	2	2	90	0	28	549	0	1	1
756	1	15	92	0	28	549	0	1	0
756	2	15	92	0	28	549	0	1	1
757	1	9	65	0	28	549	0	1	0
757	2	9	65	0	28	549	0	1	1
758	1	10	31	0	28	549	0	1	0
758	2	10	31	0	28	549	0	1	1
759	1	14	72	0	28	549	0	1	0
759	2	14	72	0	28	549	0	1	1
760	1	1	39	0	28	549	0	1	0
760	2	1	39	0	28	549	0	1	1
761	1	5	78	0	28	549	0	1	0
761	2	5	78	0	28	549	0	1	1
762	1	4	44	0	28	549	0	1	0
762	2	4	44	0	28	549	0	1	1
763	1	11	1	0	28	549	0	1	0
763	2	11	1	0	28	549	0	1	1
764	1	8	83	0	28	549	0	1	0
764	2	8	83	0	28	549	0	1	1
765	1	7	52	0	28	549	0	1	0
765	2	7	52	0	28	549	0	1	1
766	1	3	10	0	28	549	0	1	0
766	2	3	10	0	28	549	0	1	1
767	1	13	87	0	28	549	0	1	0
767	2	13	87	0	28	549	0	1	1
768	1	12	59	0	28	549	0	1	0
768	2	12	59	0	28	549	0	1	1
769	1	6	20	0	28	549	0	1	0
769	2	6	20	0	28	549	0	1	1
770	1	2	90	0	28	549	0	1	0
770	2	2	90	0	28	549	0	1	1
771	1	15	92	0	28	549	0	1	0
771	2	15	92	0	28	549	0	1	1
772	1	9	65	0	28	549	0	1	0
772	2	9	65	0	28	549	0	1	1
773	1	10	31	0	28	549	0	1	0
773	2	10	31	0	28	549	0	1	1
774	1	14	72	0	28	549	0	1	0
774	2	14	72	0	28	549	0	1	1
775	1	1	39	0	28	549	0	1	0
775	2	1	39	0	28	549	0	1	1
776	1	5	78	0	28	549	0	1	0
776	2	5	78	0	28	549	0	1	1
777	1	4	44	0	28	549	0	1	0
777	2	4	44	0	28	549	0	1	1
778	1	11	1	0	28	549	0	1	0
778	2	11	1	0	28	549	0	1	1
779	1	8	83	0	28	549	0	1	0
779	2	8	83	0	28	549	0	1	1
780	1	7	52	0	28	549	0	1	0
780	2	7	52	0	28	549	0	1	1
781	1	3	10	0	28	549	0	1	0
781	2	3	10	0	28	549	0	1	1
782	1	13	87	0	28	549	0	1	0
782	2	13	87	0	28	549	0	1	1
783	1	12	59	0	28	549	0	1	0
783	2	12	59	0	28	549	0	1	1
784	1	6	20	0	28	549	0	1	0
784	2	6	20	0	28	549	0	1	1
785	1	2	90	0	28	549	0	1	0
785	2	2	90	0	28	549	0	1	1
786	1	15	92	0	28	549	0	1	0
786	2	15	92	0	28	549	0	1	1
787	1	9	65	0	28	549	0	1	0
787	2	9	65	0	28	549	0	1	1
788	1	10	31	0	28	549	0	1	0
788	2	10	31	0	28	549	0	1	1
789	1	14	72	0	28	549	0	1	0
789	2	14	72	0	28	549	0	1	1
790	1	1	39	0	28	549	0	1	0
790	2	1	39	0	28	549	0	1	1
791	1	5	78	0	28	549	0	1	0
791	2	5	78	0	28	549	0	1	1
792	1	4	44	0	28	549	0	1	0
792	2	4	44	0	28	549	0	1	1
793	1	11	1	0	28	549	0	1	0
793	2	11	1	0	28	549	0	1	1
794	1	8	83	0	28	549	0	1	0
794	2	8	83	0	28	549	0	1	1
795	1	7	52	0	28	549	0	1	0
795	2	7	52	0	28	549	0	1	1
796	1	3	10	0	28	549	0	1	0
796	2	3	10	0	28	549	0	1	1
797	1	13	87	0	28	549	0	1	0
797	2	13	87	0	28	549	0	1	1
798	1	12	59	0	28	549	0	1	0
798	2	12	59	0	28	549	0	1	1
799	1	6	20	0	28	549	0	1	0
799	2	6	20	0	28	549	0	1	1
800	1	2	90	0	28	549	0	1	0
800	2	2	90	0	28	549	0	1	1
801	1	15	92	0	28	549	0	1	0
801	2	15	92	0	28	549	0	1	1
802	1	9	65	0	28	549	0	1	0
802	2	9	65	0	28	549	0	1	1
803	1	10	31	0	28	549	0	1	0
803	2	10	31	0	28	549	0	1	1
804	1	14	72	0	28	549	0	1	0
804	2	14	72	0	28	549	0	1	1
805	1	1	39	0	28	549	0	1	0
805	2	1	39	0	28	549	0	1	1
806	1	5	78	0	28	549	0	1	0
806	2	5	78	0	28	549	0	1	1
807	1	4	44	0	28	549	0	1	0
807	2	4	44	0	28	549	0	1	1
808	1	11	1	0	28	549	0	1	0
808	2	11	1	0	28	549	0	1	1
809	1	8	83	0	28	549	0	1	0
809	2	8	83	0	28	549	0	1	1
810	1	7	52	0	28	549	0	1	0
810	2	7	52	0	28	549	0	1	1
811	1	3	10	0	28	549	0	1	0
811	2	3	10	0	28	549	0	1	1
812	1	13	87	0	28	549	0	1	0
812	2	13	87	0	28	549	0	1	1
813	1	12	59	0	28	549	0	1	0
813	2	12	59	0	28	549	0	1	1
814	1	6	20	0	28	549	0	1	0
814	2	6	20	0	28	549	0	1	1
815	1	2	90	0	28	549	0	1	0
815	2	2	90	0	28	549	0	1	1
816	1	15	92	0	28	549	0	1	0
816	2	15	92	0	28	549	0	1	1
817	1	9	65	0	28	549	0	1	0
817	2	9	65	0	28	549	0	1	1
818	1	10	31	0	28	549	0	1	0
818	2	10	31	0	28	549	0	1	1
819	1	14	72	0	28	549	0	1	0
819	2	14	72	0	28	549	0	1	1
820	1	1	39	0	28	549	0	1	0
820	2	1	39	0	28	549	0	1	1
821	1	5	78	0	28	549	0	1	0
821	2	5	78	0	28	549	0	1	1
822	1	4	44	0	28	549	0	1	0
822	2	4	44	0	28	549	0	1	1
823	1	11	1	0	28	549	0	1	0
823	2	11	1	0	28	549	0	1	1
824	1	8	83	0	28	549	0	1	0
824	2	8	83	0	28	549	0	1	1
825	1	7	52	0	28	549	0	1	0
825	2	7	52	0	28	549	0	1	1
826	1	3	10	0	28	549	0	1	0
826	2	3	10	0	28	549	0	1	1
827	1	13	87	0	28	549	0	1	0
827	2	13	87	0	28	549	0	1	1
828	1	12	59	0	28	549	0	1	0
828	2	12	59	0	28	549	0	1	1
829	1	6	20	0	28	549	0	1	0
829	2	6	20	0	28	549	0	1	1
830	1	2	90	0	28	549	0	1	0
830	2	2	90	0	28	549	0	1	1
831	1	15	92	0	28	549	0	1	0
831	2	15	92	0	28	549	0	1	1
832	1	9	65	0	28	549	0	1	0
832	2	9	65	0	28	549	0	1	1
833	1	10	31	0	28	549	0	1	0
833	2	10	31	0	28	549	0	1	1
834	1	14	72	0	28	549	0	1	0
834	2	14	72	0	28	549	0	1	1
835	1	1	39	0	28	549	0	1	0
835	2	1	39	0	28	549	0	1	1
836	1	5	78	0	28	549	0	1	0
836	2	5	78	0	28	549	0	1	1
837	1	4	44	0	28	549	0	1	0
837	2	4	44	0	28	549	0	1	1
838	1	11	1	0	28	549	0	1	0
838	2	11	1	0	28	549	0	1	1
839	1	8	83	0	28	549	0	1	0
839	2	8	83	0	28	549	0	1	1
840	1	7	52	0	28	549	0	1	0
840	2	7	52	0	28	549	0	1	1
841	1	3	10	0	28	549	0	1	0
841	2	3	10	0	28	549	0	1	1
842	1	13	87	0	28	549	0	1	0
842	2	13	87	0	28	549	0	1	1
843	1	12	59	0	28	549	0	1	0
843	2	12	59	0	28	549	0	1	1
844	1	6	20	0	28	549	0	1	0
844	2	6	20	0	28	549	0	1	1
845	1	2	90	0	28	549	0	1	0
845	2	2	90	0	28	549	0	1	1
846	1	15	92	0	28	549	0	1	0
846	2	15	92	0	28	549	0	1	1
847	1	9	65	0	28	549	0	1	0
847	2	9	65	0	28	549	0	1	1
848	1	10	31	0	28	549	0	1	0
848	2	10	31	0	28	549	0	1	1
849	1	14	72	0	28	549	0	1	0
849	2	14	72	0	28	549	0	1	1
850	1	1	39	0	28	549	0	1	0
850	2	1	39	0	28	549	0	1	1
851	1	5	78	0	28	549	0	1	0
851	2	5	78	0	28	549	0	1	1
852	1	4	44	0	28	549	0	1	0
852	2	4	44	0	28	549	0	1	1
853	1	11	1	0	28	549	0	1	0
853	2	11	1	0	28	549	0	1	1
854	1	8	83	0	28	549	0	1	0
854	2	8	83	0	28	549	0	1	1
855	1	7	52	0	28	549	0	1	0
855	2	7	52	0	28	549	0	1	1
856	1	3	10	0	28	549	0	1	0
856	2	3	10	0	28	549	0	1	1
857	1	13	87	0	28	549	0	1	0
857	2	13	87	0	28	549	0	1	1
858	1	12	59	0	28	549	0	1	0
858	2	12	59	0	28	549	0	1	1
859	1	6	20	0	28	549	0	1	0
859	2	6	20	0	28	549	0	1	1
860	1	2	90	0	28	549	0	1	0
860	2	2	90	0	28	549	0	1	1
861	1	15	92	0	28	549	0	1	0
861	2	15	92	0	28	549	0	1	1
862	1	9	65	0	28	549	0	1	0
862	2	9	65	0	28	549	0	1	1
863	1	10	31	0	28	549	0	1	0
863	2	10	31	0	28	549	0	1	1
864	1	14	72	0	28	549	0	1	0
864	2	14	72	0	28	549	0	1	1
865	1	1	39	0	28	549	0	1	0
865	2	1	39	0	28	549	0	1	1
866	1	5	78	0	28	549	0	1	0
866	2	5	78	0	28	549	0	1	1
867	1	4	44	0	28	549	0	1	0
867	2	4	44	0	28	549	0	1	1
868	1	11	1	0	28	549	0	1	0
868	2	11	1	0	28	549	0	1	1
869	1	8	83	0	28	549	0	1	0
869	2	8	83	0	28	549	0	1	1
870	1	7	52	0	28	549	0	1	0
870	2	7	52	0	28	549	0	1	1
871	1	3	10	0	28	549	0	1	0
871	2	3	10	0	28	549	0	1	1
872	1	13	87	0	28	549	0	1	0
872	2	13	87	0	28	549	0	1	1
873	1	12	59	0	28	549	0	1	0
873	2	12	59	0	28	549	0	1	1
874	1	6	20	0	28	549	0	1	0
874	2	6	20	0	28	549	0	1	1
875	1	2	90	0	28	549	0	1	0
875	2	2	90	0	28	549	0	1	1
876	1	15	92	0	28	549	0	1	0
876	2	15	92	0	28	549	0	1	1
877	1	9	65	0	28	549	0	1	0
877	2	9	65	0	28	549	0	1	1
878	1	10	31	0	28	549	0	1	0
878	2	10	31	0	28	549	0	1	1
879	1	14	72	0	28	549	0	1	0
879	2	14	72	0	28	549	0	1	1
880	1	1	39	0	28	549	0	1	0
880	2	1	39	0	28	549	0	1	1
881	1	5	78	0	28	549	0	1	0
881	2	5	78	0	28	549	0	1	1
882	1	4	44	0	28	549	0	1	0
882	2	4	44	0	28	549	0	1	1
883	1	11	1	0	28	549	0	1	0
883	2	11	1	0	28	549	0	1	1
884	1	8	83	0	28	549	0	1	0
884	2	8	83	0	28	549	0	1	1
885	1	7	52	0	28	549	0	1	0
885	2	7	52	0	28	549	0	1	1
886	1	3	10	0	28	549	0	1	0
886	2	3	10	0	28	549	0	1	1
887	1	13	87	0	28	549	0	1	0
887	2	13	87	0	28	549	0	1	1
888	1	12	59	0	28	549	0	1	0
888	2	12	59	0	28	549	0	1	1
889	1	6	20	0	28	549	0	1	0
889	2	6	20	0	28	549	0	1	1
890	1	2	90	0	28	549	0	1	0
890	2	2	90	0	28	549	0	1	1
891	1	15	92	0	28	549	0	1	0
891	2	15	92	0	28	549	0	1	1
892	1	9	65	0	28	549	0	1	0
892	2	9	65	0	28	549	0	1	1
893	1	10	31	0	28	549	0	1	0
893	2	10	31	0	28	549	0	1	1
894	1	14	72	0	28	549	0	1	0
894	2	14	72	0	28	549	0	1	1
895	1	1	39	0	28	549	0	1	0
895	2	1	39	0	28	549	0	1	1
896	1	5	78	0	28	549	0	1	0
896	2	5	78	0	28	549	0	1	1
897	1	4	44	0	28	549	0	1	0
897	2	4	44	0	28	549	0	1	1
898	1	11	1	0	28	549	0	1	0
898	2	11	1	0	28	549	0	1	1
899	1	8	83	0	28	549	0	1	0
899	2	8	83	0	28	549	0	1	1
