% time	cellId	IMSI	frame	sframe	RNTI	mcs	size	ccId
0.026	1	11	3	7	1	0	19	0
0.026	1	11	3	7	1	0	19	1
0.027	1	11	3	8	1	0	19	0
0.027	1	11	3	8	1	0	19	1
0.028	1	11	3	9	1	0	19	0
0.028	1	11	3	9	1	0	19	1
0.029	1	11	3	10	1	0	19	1
0.03	1	11	4	1	1	0	19	0
0.03	1	11	4	1	1	0	19	1
0.031	1	11	4	2	1	0	7	0
0.031	1	3	4	2	10	0	7	0
0.031	1	11	4	2	1	0	7	1
0.031	1	3	4	2	10	0	7	1
0.032	1	11	4	3	1	0	7	0
0.032	1	3	4	3	10	0	7	0
0.032	1	11	4	3	1	0	7	1
0.032	1	3	4	3	10	0	7	1
0.033	1	11	4	4	1	20	161	0
0.033	1	3	4	4	10	0	7	0
0.033	1	11	4	4	1	0	7	1
0.033	1	3	4	4	10	0	7	1
0.034	1	11	4	5	1	20	161	0
0.034	1	3	4	5	10	0	7	0
0.034	1	11	4	5	1	0	7	1
0.034	1	3	4	5	10	0	7	1
0.035	1	11	4	6	1	0	7	1
0.035	1	3	4	6	10	0	7	1
0.036	1	11	4	7	1	20	161	0
0.036	1	3	4	7	10	0	7	0
0.036	1	11	4	7	1	0	7	1
0.036	1	3	4	7	10	0	7	1
0.037	1	11	4	8	1	20	161	0
0.037	1	3	4	8	10	0	7	0
0.037	1	11	4	8	1	0	7	1
0.037	1	3	4	8	10	0	7	1
0.038	1	6	4	9	20	0	7	0
0.038	1	11	4	9	1	20	161	0
0.038	1	6	4	9	20	0	7	1
0.038	1	11	4	9	1	0	7	1
0.039	1	3	4	10	10	0	7	0
0.039	1	6	4	10	20	0	7	0
0.039	1	3	4	10	10	0	7	1
0.039	1	6	4	10	20	0	7	1
0.04	1	11	5	1	1	20	161	0
0.04	1	11	5	1	1	0	7	1
0.04	1	3	5	1	10	0	7	1
0.041	1	6	5	2	20	0	7	1
0.041	1	11	5	2	1	20	161	1
0.042	1	6	5	3	20	0	7	0
0.042	1	11	5	3	1	20	161	0
0.042	1	3	5	3	10	0	7	1
0.042	1	6	5	3	20	0	7	1
0.043	1	6	5	4	20	0	7	0
0.043	1	11	5	4	1	20	161	1
0.043	1	3	5	4	10	0	7	1
0.044	1	10	5	5	31	0	7	0
0.044	1	11	5	5	1	20	161	0
0.044	1	6	5	5	20	0	7	1
0.044	1	10	5	5	31	0	7	1
0.045	1	11	5	6	1	20	161	1
0.045	1	3	5	6	10	0	7	1
0.046	1	10	5	7	31	0	7	0
0.046	1	11	5	7	1	20	161	0
0.046	1	6	5	7	20	0	7	1
0.046	1	10	5	7	31	0	7	1
0.047	1	11	5	8	1	20	161	1
0.047	1	3	5	8	10	0	7	1
0.048	1	6	5	9	20	0	7	1
0.048	1	10	5	9	31	0	7	1
0.049	1	10	5	10	31	0	7	0
0.049	1	1	5	10	39	0	7	0
0.049	1	11	5	10	1	20	161	1
0.049	1	3	5	10	10	0	7	1
0.05	1	11	6	1	1	20	161	0
0.05	1	3	6	1	10	20	161	0
0.05	1	6	6	1	20	0	7	1
0.05	1	10	6	1	31	0	7	1
0.051	1	1	6	2	39	0	7	1
0.051	1	11	6	2	1	20	161	1
0.052	1	1	6	3	39	0	7	0
0.052	1	11	6	3	1	20	161	0
0.052	1	3	6	3	10	20	161	1
0.052	1	6	6	3	20	0	7	1
0.053	1	10	6	4	31	0	7	1
0.053	1	1	6	4	39	0	7	1
0.054	1	3	6	5	10	20	161	0
0.054	1	11	6	5	1	20	161	1
0.054	1	3	6	5	10	20	161	1
0.055	1	1	6	6	39	0	7	0
0.055	1	6	6	6	20	0	7	1
0.055	1	10	6	6	31	0	7	1
0.056	1	4	6	7	44	0	7	0
0.056	1	11	6	7	1	20	161	0
0.056	1	1	6	7	39	0	7	1
0.056	1	4	6	7	44	0	7	1
0.057	1	3	6	8	10	20	161	0
0.057	1	11	6	8	1	20	161	1
0.057	1	3	6	8	10	20	161	1
0.058	1	1	6	9	39	0	7	0
0.058	1	6	6	9	20	0	7	1
0.058	1	10	6	9	31	0	7	1
0.059	1	1	6	10	39	0	7	1
0.059	1	4	6	10	44	0	7	1
0.06	1	4	7	1	44	0	7	0
0.06	1	11	7	1	1	20	161	0
0.06	1	11	7	1	1	20	161	1
0.06	1	3	7	1	10	20	161	1
0.061	1	3	7	2	10	20	161	0
0.061	1	6	7	2	20	20	161	0
0.061	1	6	7	2	20	20	161	1
0.061	1	10	7	2	31	0	7	1
0.062	1	1	7	3	39	0	7	1
0.062	1	4	7	3	44	0	7	1
0.063	1	7	7	4	52	0	7	0
0.063	1	7	7	4	52	0	7	1
0.063	1	11	7	4	1	20	161	1
0.064	1	11	7	5	1	20	161	0
0.064	1	3	7	5	10	20	161	0
0.064	1	3	7	5	10	20	161	1
0.064	1	6	7	5	20	20	161	1
0.065	1	10	7	6	31	0	7	1
0.065	1	1	7	6	39	0	7	1
0.066	1	6	7	7	20	20	161	0
0.066	1	4	7	7	44	0	7	1
0.066	1	7	7	7	52	0	7	1
0.067	1	11	7	8	1	20	161	1
0.067	1	3	7	8	10	20	161	1
0.068	1	7	7	9	52	0	7	0
0.068	1	12	7	9	59	0	7	0
0.068	1	6	7	9	20	20	161	1
0.068	1	10	7	9	31	0	7	1
0.069	1	11	7	10	1	20	161	0
0.069	1	3	7	10	10	20	161	0
0.069	1	1	7	10	39	0	7	1
0.069	1	4	7	10	44	0	7	1
0.07	1	6	8	1	20	20	161	0
0.07	1	7	8	1	52	0	7	1
0.07	1	12	8	1	59	0	7	1
0.071	1	11	8	2	1	20	161	1
0.071	1	3	8	2	10	20	161	1
0.072	1	6	8	3	20	20	161	1
0.072	1	10	8	3	31	20	161	1
0.073	1	7	8	4	52	0	7	0
0.073	1	12	8	4	59	0	7	0
0.073	1	1	8	4	39	0	7	1
0.073	1	4	8	4	44	0	7	1
0.074	1	9	8	5	65	0	7	0
0.074	1	11	8	5	1	20	161	0
0.074	1	7	8	5	52	0	7	1
0.074	1	12	8	5	59	0	7	1
0.075	1	3	8	6	10	20	161	0
0.075	1	6	8	6	20	20	161	0
0.075	1	9	8	6	65	0	7	1
0.075	1	11	8	6	1	20	161	1
0.076	1	10	8	7	31	20	161	0
0.076	1	3	8	7	10	20	161	1
0.076	1	6	8	7	20	20	161	1
0.077	1	10	8	8	31	20	161	1
0.077	1	1	8	8	39	0	7	1
0.078	1	7	8	9	52	0	7	0
0.078	1	4	8	9	44	0	7	1
0.078	1	7	8	9	52	0	7	1
0.079	1	12	8	10	59	0	7	0
0.079	1	9	8	10	65	0	7	0
0.079	1	12	8	10	59	0	7	1
0.079	1	9	8	10	65	0	7	1
0.08	1	14	9	1	72	0	7	0
0.08	1	11	9	1	1	20	161	0
0.08	1	14	9	1	72	0	7	1
0.08	1	11	9	1	1	20	161	1
0.081	1	3	9	2	10	20	161	0
0.081	1	6	9	2	20	20	161	0
0.081	1	3	9	2	10	20	161	1
0.081	1	6	9	2	20	20	161	1
0.082	1	10	9	3	31	20	161	0
0.082	1	1	9	3	39	20	161	0
0.082	1	10	9	3	31	20	161	1
0.082	1	1	9	3	39	20	161	1
0.083	1	4	9	4	44	0	7	1
0.083	1	7	9	4	52	0	7	1
0.084	1	7	9	5	52	0	7	0
0.084	1	12	9	5	59	20	161	1
0.084	1	9	9	5	65	0	7	1
0.085	1	12	9	6	59	20	161	0
0.085	1	14	9	6	72	0	7	1
0.085	1	5	9	6	78	20	161	1
0.086	1	14	9	7	72	0	7	0
0.086	1	5	9	7	78	20	161	0
0.086	1	11	9	7	1	20	161	1
0.086	1	3	9	7	10	20	161	1
0.087	1	11	9	8	1	20	161	0
0.087	1	3	9	8	10	20	161	0
0.087	1	6	9	8	20	20	161	1
0.087	1	10	9	8	31	20	161	1
0.088	1	6	9	9	20	20	161	0
0.088	1	10	9	9	31	20	161	0
0.088	1	1	9	9	39	20	161	1
0.088	1	4	9	9	44	20	161	1
0.089	1	7	9	10	52	0	7	1
0.089	1	12	9	10	59	20	161	1
0.09	1	1	10	1	39	20	161	0
0.09	1	4	10	1	44	20	161	0
0.09	1	9	10	1	65	20	161	1
0.09	1	14	10	1	72	0	7	1
0.091	1	7	10	2	52	0	7	0
0.091	1	12	10	2	59	20	161	0
0.091	1	5	10	2	78	20	161	1
0.091	1	8	10	2	83	20	161	1
0.092	1	9	10	3	65	20	161	0
0.092	1	11	10	3	1	20	161	1
0.092	1	3	10	3	10	20	161	1
0.093	1	5	10	4	78	20	161	0
0.093	1	8	10	4	83	20	161	0
0.093	1	6	10	4	20	20	161	1
0.093	1	10	10	4	31	20	161	1
0.094	1	11	10	5	1	20	161	0
0.094	1	3	10	5	10	20	161	0
0.094	1	1	10	5	39	20	161	1
0.094	1	4	10	5	44	20	161	1
0.095	1	7	10	6	52	20	161	1
0.095	1	12	10	6	59	20	161	1
0.096	1	6	10	7	20	20	161	0
0.096	1	10	10	7	31	20	161	0
0.096	1	9	10	7	65	20	161	1
0.096	1	14	10	7	72	20	161	1
0.097	1	1	10	8	39	20	161	0
0.097	1	4	10	8	44	20	161	0
0.097	1	5	10	8	78	20	161	1
0.097	1	8	10	8	83	20	161	1
0.098	1	12	10	9	59	20	161	0
0.098	1	13	10	9	87	0	7	1
0.098	1	11	10	9	1	20	161	1
0.099	1	9	10	10	65	20	161	0
0.099	1	14	10	10	72	20	161	0
0.099	1	3	10	10	10	20	161	1
0.099	1	6	10	10	20	20	161	1
0.1	1	5	11	1	78	20	161	0
0.1	1	8	11	1	83	20	161	0
0.1	1	10	11	1	31	20	161	1
0.1	1	1	11	1	39	20	161	1
0.101	1	4	11	2	44	20	161	1
0.101	1	7	11	2	52	20	161	1
0.102	1	13	11	3	87	0	7	0
0.102	1	11	11	3	1	20	161	0
0.102	1	12	11	3	59	20	161	1
0.102	1	9	11	3	65	20	161	1
0.103	1	3	11	4	10	20	161	0
0.103	1	6	11	4	20	20	161	0
0.103	1	14	11	4	72	20	161	1
0.103	1	5	11	4	78	20	161	1
0.104	1	10	11	5	31	20	161	0
0.104	1	1	11	5	39	20	161	0
0.104	1	8	11	5	83	20	161	1
0.104	1	13	11	5	87	0	7	1
0.105	1	4	11	6	44	20	161	0
0.105	1	7	11	6	52	20	161	0
0.105	1	2	11	6	90	0	7	1
0.105	1	11	11	6	1	20	161	1
0.106	1	12	11	7	59	20	161	0
0.106	1	9	11	7	65	20	161	0
0.106	1	3	11	7	10	20	161	1
0.106	1	6	11	7	20	20	161	1
0.107	1	14	11	8	72	20	161	0
0.107	1	5	11	8	78	20	161	0
0.107	1	10	11	8	31	20	161	1
0.107	1	1	11	8	39	20	161	1
0.108	1	8	11	9	83	20	161	0
0.108	1	13	11	9	87	0	7	0
0.108	1	4	11	9	44	20	161	1
0.108	1	7	11	9	52	20	161	1
0.109	1	2	11	10	90	0	7	0
0.109	1	15	11	10	92	0	7	0
0.109	1	12	11	10	59	20	161	1
0.109	1	9	11	10	65	20	161	1
0.11	1	11	12	1	1	20	161	0
0.11	1	3	12	1	10	20	161	0
0.11	1	14	12	1	72	20	161	1
0.11	1	5	12	1	78	20	161	1
0.111	1	6	12	2	20	20	161	0
0.111	1	10	12	2	31	20	161	0
0.111	1	8	12	2	83	20	161	1
0.111	1	13	12	2	87	0	7	1
0.112	1	1	12	3	39	20	161	0
0.112	1	4	12	3	44	20	161	0
0.112	1	2	12	3	90	0	7	1
0.112	1	15	12	3	92	0	7	1
0.113	1	12	12	4	59	20	161	0
0.113	1	11	12	4	1	20	161	1
0.113	1	3	12	4	10	20	161	1
0.114	1	9	12	5	65	20	161	0
0.114	1	14	12	5	72	20	161	0
0.114	1	6	12	5	20	20	161	1
0.114	1	10	12	5	31	20	161	1
0.115	1	5	12	6	78	20	161	0
0.115	1	8	12	6	83	20	161	0
0.115	1	1	12	6	39	20	161	1
0.115	1	4	12	6	44	20	161	1
0.116	1	2	12	7	90	0	7	0
0.116	1	7	12	7	52	20	161	1
0.116	1	12	12	7	59	20	161	1
0.117	1	15	12	8	92	0	7	0
0.117	1	11	12	8	1	20	161	0
0.117	1	9	12	8	65	20	161	1
0.117	1	14	12	8	72	20	161	1
0.118	1	3	12	9	10	20	161	0
0.118	1	6	12	9	20	20	161	0
0.118	1	5	12	9	78	20	161	1
0.118	1	8	12	9	83	20	161	1
0.119	1	10	12	10	31	20	161	0
0.119	1	1	12	10	39	20	161	0
0.119	1	13	12	10	87	0	7	1
0.119	1	2	12	10	90	0	7	1
0.12	1	4	13	1	44	20	161	0
0.12	1	7	13	1	52	20	161	0
0.12	1	15	13	1	92	0	7	1
0.12	1	11	13	1	1	20	161	1
0.121	1	12	13	2	59	20	161	0
0.121	1	9	13	2	65	20	161	0
0.121	1	3	13	2	10	20	161	1
0.121	1	6	13	2	20	20	161	1
0.122	1	14	13	3	72	20	161	0
0.122	1	5	13	3	78	20	161	0
0.122	1	10	13	3	31	20	161	1
0.122	1	1	13	3	39	20	161	1
0.123	1	8	13	4	83	20	161	0
0.123	1	4	13	4	44	20	161	1
0.123	1	7	13	4	52	20	161	1
0.124	1	2	13	5	90	20	161	0
0.124	1	12	13	5	59	20	161	1
0.124	1	9	13	5	65	20	161	1
0.125	1	11	13	6	1	20	161	0
0.125	1	3	13	6	10	20	161	0
0.125	1	14	13	6	72	20	161	1
0.125	1	5	13	6	78	20	161	1
0.126	1	6	13	7	20	20	161	0
0.126	1	10	13	7	31	20	161	0
0.126	1	8	13	7	83	20	161	1
0.126	1	13	13	7	87	0	7	1
0.127	1	1	13	8	39	20	161	0
0.127	1	4	13	8	44	20	161	0
0.127	1	2	13	8	90	20	161	1
0.127	1	15	13	8	92	0	7	1
0.128	1	12	13	9	59	20	161	0
0.128	1	11	13	9	1	20	161	1
0.128	1	3	13	9	10	20	161	1
0.129	1	9	13	10	65	20	161	0
0.129	1	14	13	10	72	20	161	0
0.129	1	6	13	10	20	20	161	1
0.129	1	10	13	10	31	20	161	1
0.13	1	5	14	1	78	20	161	0
0.13	1	8	14	1	83	20	161	0
0.13	1	1	14	1	39	20	161	1
0.13	1	4	14	1	44	20	161	1
0.131	1	2	14	2	90	20	161	0
0.131	1	7	14	2	52	20	161	1
0.131	1	12	14	2	59	20	161	1
0.132	1	15	14	3	92	20	161	0
0.132	1	11	14	3	1	20	161	0
0.132	1	9	14	3	65	20	161	1
0.132	1	14	14	3	72	20	161	1
0.133	1	3	14	4	10	20	161	0
0.133	1	6	14	4	20	20	161	0
0.133	1	5	14	4	78	20	161	1
0.133	1	8	14	4	83	20	161	1
0.134	1	10	14	5	31	20	161	0
0.134	1	1	14	5	39	20	161	0
0.134	1	13	14	5	87	20	161	1
0.134	1	2	14	5	90	20	161	1
0.135	1	4	14	6	44	20	161	0
0.135	1	7	14	6	52	20	161	0
0.135	1	15	14	6	92	20	161	1
0.135	1	11	14	6	1	20	161	1
0.136	1	12	14	7	59	20	161	0
0.136	1	9	14	7	65	20	161	0
0.136	1	3	14	7	10	20	161	1
0.136	1	6	14	7	20	20	161	1
0.137	1	14	14	8	72	20	161	0
0.137	1	5	14	8	78	20	161	0
0.137	1	10	14	8	31	20	161	1
0.137	1	1	14	8	39	20	161	1
0.138	1	8	14	9	83	20	161	0
0.138	1	13	14	9	87	20	161	0
0.138	1	4	14	9	44	20	161	1
0.138	1	7	14	9	52	20	161	1
0.139	1	2	14	10	90	20	161	0
0.139	1	15	14	10	92	20	161	0
0.139	1	12	14	10	59	20	161	1
0.139	1	9	14	10	65	20	161	1
0.14	1	11	15	1	1	20	161	0
0.14	1	3	15	1	10	20	161	0
0.14	1	14	15	1	72	20	161	1
0.14	1	5	15	1	78	20	161	1
0.141	1	6	15	2	20	20	161	0
0.141	1	10	15	2	31	20	161	0
0.141	1	8	15	2	83	20	161	1
0.141	1	13	15	2	87	20	161	1
0.142	1	1	15	3	39	20	161	0
0.142	1	4	15	3	44	20	161	0
0.142	1	2	15	3	90	20	161	1
0.142	1	15	15	3	92	20	161	1
0.143	1	7	15	4	52	20	161	0
0.143	1	12	15	4	59	20	161	0
0.143	1	11	15	4	1	20	161	1
0.143	1	3	15	4	10	20	161	1
0.144	1	9	15	5	65	20	161	0
0.144	1	14	15	5	72	20	161	0
0.144	1	6	15	5	20	20	161	1
0.144	1	10	15	5	31	20	161	1
0.145	1	5	15	6	78	20	161	0
0.145	1	8	15	6	83	20	161	0
0.145	1	1	15	6	39	20	161	1
0.145	1	4	15	6	44	20	161	1
0.146	1	13	15	7	87	20	161	0
0.146	1	2	15	7	90	20	161	0
0.146	1	7	15	7	52	20	161	1
0.146	1	12	15	7	59	20	161	1
0.147	1	15	15	8	92	20	161	0
0.147	1	11	15	8	1	20	161	0
0.147	1	9	15	8	65	20	161	1
0.147	1	14	15	8	72	20	161	1
0.148	1	3	15	9	10	20	161	0
0.148	1	6	15	9	20	20	161	0
0.148	1	5	15	9	78	20	161	1
0.148	1	8	15	9	83	20	161	1
0.149	1	10	15	10	31	20	161	0
0.149	1	1	15	10	39	20	161	0
0.149	1	13	15	10	87	20	161	1
0.149	1	2	15	10	90	20	161	1
0.15	1	4	16	1	44	20	161	0
0.15	1	7	16	1	52	20	161	0
0.15	1	15	16	1	92	20	161	1
0.15	1	11	16	1	1	20	161	1
0.151	1	12	16	2	59	20	161	0
0.151	1	9	16	2	65	20	161	0
0.151	1	3	16	2	10	20	161	1
0.151	1	6	16	2	20	20	161	1
0.152	1	14	16	3	72	20	161	0
0.152	1	5	16	3	78	20	161	0
0.152	1	10	16	3	31	20	161	1
0.152	1	1	16	3	39	20	161	1
0.153	1	8	16	4	83	20	161	0
0.153	1	13	16	4	87	20	161	0
0.153	1	4	16	4	44	20	161	1
0.153	1	7	16	4	52	20	161	1
0.154	1	2	16	5	90	20	161	0
0.154	1	15	16	5	92	20	161	0
0.154	1	12	16	5	59	20	161	1
0.154	1	9	16	5	65	20	161	1
0.155	1	11	16	6	1	20	161	0
0.155	1	3	16	6	10	20	161	0
0.155	1	14	16	6	72	20	161	1
0.155	1	5	16	6	78	20	161	1
0.156	1	6	16	7	20	20	161	0
0.156	1	10	16	7	31	20	161	0
0.156	1	8	16	7	83	20	161	1
0.156	1	13	16	7	87	20	161	1
0.157	1	1	16	8	39	20	161	0
0.157	1	4	16	8	44	20	161	0
0.157	1	2	16	8	90	20	161	1
0.157	1	15	16	8	92	20	161	1
0.158	1	7	16	9	52	20	161	0
0.158	1	12	16	9	59	20	161	0
0.158	1	11	16	9	1	20	161	1
0.158	1	3	16	9	10	20	161	1
0.159	1	9	16	10	65	20	161	0
0.159	1	14	16	10	72	20	161	0
0.159	1	6	16	10	20	20	161	1
0.159	1	10	16	10	31	20	161	1
0.16	1	5	17	1	78	20	161	0
0.16	1	8	17	1	83	20	161	0
0.16	1	1	17	1	39	20	161	1
0.16	1	4	17	1	44	20	161	1
0.161	1	13	17	2	87	20	161	0
0.161	1	2	17	2	90	20	161	0
0.161	1	7	17	2	52	20	161	1
0.161	1	12	17	2	59	20	161	1
0.162	1	15	17	3	92	20	161	0
0.162	1	11	17	3	1	20	161	0
0.162	1	9	17	3	65	20	161	1
0.162	1	14	17	3	72	20	161	1
0.163	1	3	17	4	10	20	161	0
0.163	1	6	17	4	20	20	161	0
0.163	1	5	17	4	78	20	161	1
0.163	1	8	17	4	83	20	161	1
0.164	1	10	17	5	31	20	161	0
0.164	1	1	17	5	39	20	161	0
0.164	1	13	17	5	87	20	161	1
0.164	1	2	17	5	90	20	161	1
0.165	1	4	17	6	44	20	161	0
0.165	1	7	17	6	52	20	161	0
0.165	1	15	17	6	92	20	161	1
0.165	1	11	17	6	1	20	161	1
0.166	1	12	17	7	59	20	161	0
0.166	1	9	17	7	65	20	161	0
0.166	1	3	17	7	10	20	161	1
0.166	1	6	17	7	20	20	161	1
0.167	1	14	17	8	72	20	161	0
0.167	1	5	17	8	78	20	161	0
0.167	1	10	17	8	31	20	161	1
0.167	1	1	17	8	39	20	161	1
0.168	1	8	17	9	83	20	161	0
0.168	1	13	17	9	87	20	161	0
0.168	1	4	17	9	44	20	161	1
0.168	1	7	17	9	52	20	161	1
0.169	1	2	17	10	90	20	161	0
0.169	1	15	17	10	92	20	161	0
0.169	1	12	17	10	59	20	161	1
0.169	1	9	17	10	65	20	161	1
0.17	1	11	18	1	1	20	161	0
0.17	1	3	18	1	10	20	161	0
0.17	1	14	18	1	72	20	161	1
0.17	1	5	18	1	78	20	161	1
0.171	1	6	18	2	20	20	161	0
0.171	1	10	18	2	31	20	161	0
0.171	1	8	18	2	83	20	161	1
0.171	1	13	18	2	87	20	161	1
0.172	1	1	18	3	39	20	161	0
0.172	1	4	18	3	44	20	161	0
0.172	1	2	18	3	90	20	161	1
0.172	1	15	18	3	92	20	161	1
0.173	1	7	18	4	52	20	161	0
0.173	1	12	18	4	59	20	161	0
0.173	1	11	18	4	1	20	161	1
0.173	1	3	18	4	10	20	161	1
0.174	1	9	18	5	65	20	161	0
0.174	1	14	18	5	72	20	161	0
0.174	1	6	18	5	20	20	161	1
0.174	1	10	18	5	31	20	161	1
0.175	1	5	18	6	78	20	161	0
0.175	1	8	18	6	83	20	161	0
0.175	1	1	18	6	39	20	161	1
0.175	1	4	18	6	44	20	161	1
0.176	1	13	18	7	87	20	161	0
0.176	1	2	18	7	90	20	161	0
0.176	1	7	18	7	52	20	161	1
0.176	1	12	18	7	59	20	161	1
0.177	1	15	18	8	92	20	161	0
0.177	1	11	18	8	1	20	161	0
0.177	1	9	18	8	65	20	161	1
0.177	1	14	18	8	72	20	161	1
0.178	1	3	18	9	10	20	161	0
0.178	1	6	18	9	20	20	161	0
0.178	1	5	18	9	78	20	161	1
0.178	1	8	18	9	83	20	161	1
0.179	1	10	18	10	31	20	161	0
0.179	1	1	18	10	39	20	161	0
0.179	1	13	18	10	87	20	161	1
0.179	1	2	18	10	90	20	161	1
0.18	1	4	19	1	44	20	161	0
0.18	1	7	19	1	52	20	161	0
0.18	1	15	19	1	92	20	161	1
0.18	1	11	19	1	1	20	161	1
0.181	1	12	19	2	59	20	161	0
0.181	1	9	19	2	65	20	161	0
0.181	1	3	19	2	10	20	161	1
0.181	1	6	19	2	20	20	161	1
0.182	1	14	19	3	72	20	161	0
0.182	1	5	19	3	78	20	161	0
0.182	1	10	19	3	31	20	161	1
0.182	1	1	19	3	39	20	161	1
0.183	1	8	19	4	83	20	161	0
0.183	1	13	19	4	87	20	161	0
0.183	1	4	19	4	44	20	161	1
0.183	1	7	19	4	52	20	161	1
0.184	1	2	19	5	90	20	161	0
0.184	1	15	19	5	92	20	161	0
0.184	1	12	19	5	59	20	161	1
0.184	1	9	19	5	65	20	161	1
0.185	1	11	19	6	1	20	161	0
0.185	1	3	19	6	10	20	161	0
0.185	1	14	19	6	72	20	161	1
0.185	1	5	19	6	78	20	161	1
0.186	1	6	19	7	20	20	161	0
0.186	1	10	19	7	31	20	161	0
0.186	1	8	19	7	83	20	161	1
0.186	1	13	19	7	87	20	161	1
0.187	1	1	19	8	39	20	161	0
0.187	1	4	19	8	44	20	161	0
0.187	1	2	19	8	90	20	161	1
0.187	1	15	19	8	92	20	161	1
0.188	1	7	19	9	52	20	161	0
0.188	1	12	19	9	59	20	161	0
0.188	1	11	19	9	1	20	161	1
0.188	1	3	19	9	10	20	161	1
0.189	1	9	19	10	65	20	161	0
0.189	1	14	19	10	72	20	161	0
0.189	1	6	19	10	20	20	161	1
0.189	1	10	19	10	31	20	161	1
0.19	1	5	20	1	78	20	161	0
0.19	1	8	20	1	83	20	161	0
0.19	1	1	20	1	39	20	161	1
0.19	1	4	20	1	44	20	161	1
0.191	1	13	20	2	87	20	161	0
0.191	1	2	20	2	90	20	161	0
0.191	1	7	20	2	52	20	161	1
0.191	1	12	20	2	59	20	161	1
0.192	1	15	20	3	92	20	161	0
0.192	1	11	20	3	1	20	161	0
0.192	1	9	20	3	65	20	161	1
0.192	1	14	20	3	72	20	161	1
0.193	1	3	20	4	10	20	161	0
0.193	1	6	20	4	20	20	161	0
0.193	1	5	20	4	78	20	161	1
0.193	1	8	20	4	83	20	161	1
0.194	1	10	20	5	31	20	161	0
0.194	1	1	20	5	39	20	161	0
0.194	1	13	20	5	87	20	161	1
0.194	1	2	20	5	90	20	161	1
0.195	1	4	20	6	44	20	161	0
0.195	1	7	20	6	52	20	161	0
0.195	1	15	20	6	92	20	161	1
0.195	1	11	20	6	1	20	161	1
0.196	1	12	20	7	59	20	161	0
0.196	1	9	20	7	65	20	161	0
0.196	1	3	20	7	10	20	161	1
0.196	1	6	20	7	20	20	161	1
0.197	1	14	20	8	72	20	161	0
0.197	1	5	20	8	78	20	161	0
0.197	1	10	20	8	31	20	161	1
0.197	1	1	20	8	39	20	161	1
0.198	1	8	20	9	83	20	161	0
0.198	1	13	20	9	87	20	161	0
0.198	1	4	20	9	44	20	161	1
0.198	1	7	20	9	52	20	161	1
0.199	1	2	20	10	90	20	161	0
0.199	1	15	20	10	92	20	161	0
0.199	1	12	20	10	59	20	161	1
0.199	1	9	20	10	65	20	161	1
0.2	1	11	21	1	1	20	161	0
0.2	1	3	21	1	10	20	161	0
0.2	1	14	21	1	72	20	161	1
0.2	1	5	21	1	78	20	161	1
0.201	1	6	21	2	20	20	161	0
0.201	1	10	21	2	31	20	161	0
0.201	1	8	21	2	83	20	161	1
0.201	1	13	21	2	87	20	161	1
0.202	1	1	21	3	39	20	161	0
0.202	1	4	21	3	44	20	161	0
0.202	1	2	21	3	90	20	161	1
0.202	1	15	21	3	92	20	161	1
0.203	1	7	21	4	52	20	161	0
0.203	1	12	21	4	59	20	161	0
0.203	1	11	21	4	1	20	161	1
0.203	1	3	21	4	10	20	161	1
0.204	1	9	21	5	65	20	161	0
0.204	1	14	21	5	72	20	161	0
0.204	1	6	21	5	20	20	161	1
0.204	1	10	21	5	31	20	161	1
0.205	1	5	21	6	78	20	161	0
0.205	1	8	21	6	83	20	161	0
0.205	1	1	21	6	39	20	161	1
0.205	1	4	21	6	44	20	161	1
0.206	1	13	21	7	87	20	161	0
0.206	1	2	21	7	90	20	161	0
0.206	1	7	21	7	52	20	161	1
0.206	1	12	21	7	59	20	161	1
0.207	1	15	21	8	92	20	161	0
0.207	1	11	21	8	1	20	161	0
0.207	1	9	21	8	65	20	161	1
0.207	1	14	21	8	72	20	161	1
0.208	1	3	21	9	10	20	161	0
0.208	1	6	21	9	20	20	161	0
0.208	1	5	21	9	78	20	161	1
0.208	1	8	21	9	83	20	161	1
0.209	1	10	21	10	31	20	161	0
0.209	1	1	21	10	39	20	161	0
0.209	1	13	21	10	87	20	161	1
0.209	1	2	21	10	90	20	161	1
0.21	1	4	22	1	44	20	161	0
0.21	1	7	22	1	52	20	161	0
0.21	1	15	22	1	92	20	161	1
0.21	1	11	22	1	1	20	161	1
0.211	1	12	22	2	59	20	161	0
0.211	1	9	22	2	65	20	161	0
0.211	1	3	22	2	10	20	161	1
0.211	1	6	22	2	20	20	161	1
0.212	1	14	22	3	72	20	161	0
0.212	1	5	22	3	78	20	161	0
0.212	1	10	22	3	31	20	161	1
0.212	1	1	22	3	39	20	161	1
0.213	1	8	22	4	83	20	161	0
0.213	1	13	22	4	87	20	161	0
0.213	1	4	22	4	44	20	161	1
0.213	1	7	22	4	52	20	161	1
0.214	1	2	22	5	90	20	161	0
0.214	1	15	22	5	92	20	161	0
0.214	1	12	22	5	59	20	161	1
0.214	1	9	22	5	65	20	161	1
0.215	1	11	22	6	1	20	161	0
0.215	1	3	22	6	10	20	161	0
0.215	1	14	22	6	72	20	161	1
0.215	1	5	22	6	78	20	161	1
0.216	1	6	22	7	20	20	161	0
0.216	1	10	22	7	31	20	161	0
0.216	1	8	22	7	83	20	161	1
0.216	1	13	22	7	87	20	161	1
0.217	1	1	22	8	39	20	161	0
0.217	1	4	22	8	44	20	161	0
0.217	1	2	22	8	90	20	161	1
0.217	1	15	22	8	92	20	161	1
0.218	1	7	22	9	52	20	161	0
0.218	1	12	22	9	59	20	161	0
0.218	1	11	22	9	1	20	161	1
0.218	1	3	22	9	10	20	161	1
0.219	1	9	22	10	65	20	161	0
0.219	1	14	22	10	72	20	161	0
0.219	1	6	22	10	20	20	161	1
0.219	1	10	22	10	31	20	161	1
0.22	1	5	23	1	78	20	161	0
0.22	1	8	23	1	83	20	161	0
0.22	1	1	23	1	39	20	161	1
0.22	1	4	23	1	44	20	161	1
0.221	1	13	23	2	87	20	161	0
0.221	1	2	23	2	90	20	161	0
0.221	1	7	23	2	52	20	161	1
0.221	1	12	23	2	59	20	161	1
0.222	1	15	23	3	92	20	161	0
0.222	1	11	23	3	1	20	161	0
0.222	1	9	23	3	65	20	161	1
0.222	1	14	23	3	72	20	161	1
0.223	1	3	23	4	10	20	161	0
0.223	1	6	23	4	20	20	161	0
0.223	1	5	23	4	78	20	161	1
0.223	1	8	23	4	83	20	161	1
0.224	1	10	23	5	31	20	161	0
0.224	1	1	23	5	39	20	161	0
0.224	1	13	23	5	87	20	161	1
0.224	1	2	23	5	90	20	161	1
0.225	1	4	23	6	44	20	161	0
0.225	1	7	23	6	52	20	161	0
0.225	1	15	23	6	92	20	161	1
0.225	1	11	23	6	1	20	161	1
0.226	1	12	23	7	59	20	161	0
0.226	1	9	23	7	65	20	161	0
0.226	1	3	23	7	10	20	161	1
0.226	1	6	23	7	20	20	161	1
0.227	1	14	23	8	72	20	161	0
0.227	1	5	23	8	78	20	161	0
0.227	1	10	23	8	31	20	161	1
0.227	1	1	23	8	39	20	161	1
0.228	1	8	23	9	83	20	161	0
0.228	1	13	23	9	87	20	161	0
0.228	1	4	23	9	44	20	161	1
0.228	1	7	23	9	52	20	161	1
0.229	1	2	23	10	90	20	161	0
0.229	1	15	23	10	92	20	161	0
0.229	1	12	23	10	59	20	161	1
0.229	1	9	23	10	65	20	161	1
0.23	1	11	24	1	1	20	161	0
0.23	1	3	24	1	10	20	161	0
0.23	1	14	24	1	72	20	161	1
0.23	1	5	24	1	78	20	161	1
0.231	1	6	24	2	20	20	161	0
0.231	1	10	24	2	31	20	161	0
0.231	1	8	24	2	83	20	161	1
0.231	1	13	24	2	87	20	161	1
0.232	1	1	24	3	39	20	161	0
0.232	1	4	24	3	44	20	161	0
0.232	1	2	24	3	90	20	161	1
0.232	1	15	24	3	92	20	161	1
0.233	1	7	24	4	52	20	161	0
0.233	1	12	24	4	59	20	161	0
0.233	1	11	24	4	1	20	161	1
0.233	1	3	24	4	10	20	161	1
0.234	1	9	24	5	65	20	161	0
0.234	1	14	24	5	72	20	161	0
0.234	1	6	24	5	20	20	161	1
0.234	1	10	24	5	31	20	161	1
0.235	1	5	24	6	78	20	161	0
0.235	1	8	24	6	83	20	161	0
0.235	1	1	24	6	39	20	161	1
0.235	1	4	24	6	44	20	161	1
0.236	1	13	24	7	87	20	161	0
0.236	1	2	24	7	90	20	161	0
0.236	1	7	24	7	52	20	161	1
0.236	1	12	24	7	59	20	161	1
0.237	1	15	24	8	92	20	161	0
0.237	1	11	24	8	1	20	161	0
0.237	1	9	24	8	65	20	161	1
0.237	1	14	24	8	72	20	161	1
0.238	1	3	24	9	10	20	161	0
0.238	1	6	24	9	20	20	161	0
0.238	1	5	24	9	78	20	161	1
0.238	1	8	24	9	83	20	161	1
0.239	1	10	24	10	31	20	161	0
0.239	1	1	24	10	39	20	161	0
0.239	1	13	24	10	87	20	161	1
0.239	1	2	24	10	90	20	161	1
0.24	1	4	25	1	44	20	161	0
0.24	1	7	25	1	52	20	161	0
0.24	1	15	25	1	92	20	161	1
0.24	1	11	25	1	1	20	161	1
0.241	1	12	25	2	59	20	161	0
0.241	1	9	25	2	65	20	161	0
0.241	1	3	25	2	10	20	161	1
0.241	1	6	25	2	20	20	161	1
0.242	1	14	25	3	72	20	161	0
0.242	1	5	25	3	78	20	161	0
0.242	1	10	25	3	31	20	161	1
0.242	1	1	25	3	39	20	161	1
0.243	1	8	25	4	83	20	161	0
0.243	1	13	25	4	87	20	161	0
0.243	1	4	25	4	44	20	161	1
0.243	1	7	25	4	52	20	161	1
0.244	1	2	25	5	90	20	161	0
0.244	1	15	25	5	92	20	161	0
0.244	1	12	25	5	59	20	161	1
0.244	1	9	25	5	65	20	161	1
0.245	1	11	25	6	1	20	161	0
0.245	1	3	25	6	10	20	161	0
0.245	1	14	25	6	72	20	161	1
0.245	1	5	25	6	78	20	161	1
0.246	1	6	25	7	20	20	161	0
0.246	1	10	25	7	31	20	161	0
0.246	1	8	25	7	83	20	161	1
0.246	1	13	25	7	87	20	161	1
0.247	1	1	25	8	39	20	161	0
0.247	1	4	25	8	44	20	161	0
0.247	1	2	25	8	90	20	161	1
0.247	1	15	25	8	92	20	161	1
0.248	1	7	25	9	52	20	161	0
0.248	1	12	25	9	59	20	161	0
0.248	1	11	25	9	1	20	161	1
0.248	1	3	25	9	10	20	161	1
0.249	1	9	25	10	65	20	161	0
0.249	1	14	25	10	72	20	161	0
0.249	1	6	25	10	20	20	161	1
0.249	1	10	25	10	31	20	161	1
0.25	1	5	26	1	78	20	161	0
0.25	1	8	26	1	83	20	161	0
0.25	1	1	26	1	39	20	161	1
0.25	1	4	26	1	44	20	161	1
0.251	1	13	26	2	87	20	161	0
0.251	1	2	26	2	90	20	161	0
0.251	1	7	26	2	52	20	161	1
0.251	1	12	26	2	59	20	161	1
0.252	1	15	26	3	92	20	161	0
0.252	1	11	26	3	1	20	161	0
0.252	1	9	26	3	65	20	161	1
0.252	1	14	26	3	72	20	161	1
0.253	1	3	26	4	10	20	161	0
0.253	1	6	26	4	20	20	161	0
0.253	1	5	26	4	78	20	161	1
0.253	1	8	26	4	83	20	161	1
0.254	1	10	26	5	31	20	161	0
0.254	1	1	26	5	39	20	161	0
0.254	1	13	26	5	87	20	161	1
0.254	1	2	26	5	90	20	161	1
0.255	1	4	26	6	44	20	161	0
0.255	1	7	26	6	52	20	161	0
0.255	1	15	26	6	92	20	161	1
0.255	1	11	26	6	1	20	161	1
0.256	1	12	26	7	59	20	161	0
0.256	1	9	26	7	65	20	161	0
0.256	1	3	26	7	10	20	161	1
0.256	1	6	26	7	20	20	161	1
0.257	1	14	26	8	72	20	161	0
0.257	1	5	26	8	78	20	161	0
0.257	1	10	26	8	31	20	161	1
0.257	1	1	26	8	39	20	161	1
0.258	1	8	26	9	83	20	161	0
0.258	1	13	26	9	87	20	161	0
0.258	1	4	26	9	44	20	161	1
0.258	1	7	26	9	52	20	161	1
0.259	1	2	26	10	90	20	161	0
0.259	1	15	26	10	92	20	161	0
0.259	1	12	26	10	59	20	161	1
0.259	1	9	26	10	65	20	161	1
0.26	1	11	27	1	1	20	161	0
0.26	1	3	27	1	10	20	161	0
0.26	1	14	27	1	72	20	161	1
0.26	1	5	27	1	78	20	161	1
0.261	1	6	27	2	20	20	161	0
0.261	1	10	27	2	31	20	161	0
0.261	1	8	27	2	83	20	161	1
0.261	1	13	27	2	87	20	161	1
0.262	1	1	27	3	39	20	161	0
0.262	1	4	27	3	44	20	161	0
0.262	1	2	27	3	90	20	161	1
0.262	1	15	27	3	92	20	161	1
0.263	1	7	27	4	52	20	161	0
0.263	1	12	27	4	59	20	161	0
0.263	1	11	27	4	1	20	161	1
0.263	1	3	27	4	10	20	161	1
0.264	1	9	27	5	65	20	161	0
0.264	1	14	27	5	72	20	161	0
0.264	1	6	27	5	20	20	161	1
0.264	1	10	27	5	31	20	161	1
0.265	1	5	27	6	78	20	161	0
0.265	1	8	27	6	83	20	161	0
0.265	1	1	27	6	39	20	161	1
0.265	1	4	27	6	44	20	161	1
0.266	1	13	27	7	87	20	161	0
0.266	1	2	27	7	90	20	161	0
0.266	1	7	27	7	52	20	161	1
0.266	1	12	27	7	59	20	161	1
0.267	1	15	27	8	92	20	161	0
0.267	1	11	27	8	1	20	161	0
0.267	1	9	27	8	65	20	161	1
0.267	1	14	27	8	72	20	161	1
0.268	1	3	27	9	10	20	161	0
0.268	1	6	27	9	20	20	161	0
0.268	1	5	27	9	78	20	161	1
0.268	1	8	27	9	83	20	161	1
0.269	1	10	27	10	31	20	161	0
0.269	1	1	27	10	39	20	161	0
0.269	1	13	27	10	87	20	161	1
0.269	1	2	27	10	90	20	161	1
0.27	1	4	28	1	44	20	161	0
0.27	1	7	28	1	52	20	161	0
0.27	1	15	28	1	92	20	161	1
0.27	1	11	28	1	1	20	161	1
0.271	1	12	28	2	59	20	161	0
0.271	1	9	28	2	65	20	161	0
0.271	1	3	28	2	10	20	161	1
0.271	1	6	28	2	20	20	161	1
0.272	1	14	28	3	72	20	161	0
0.272	1	5	28	3	78	20	161	0
0.272	1	10	28	3	31	20	161	1
0.272	1	1	28	3	39	20	161	1
0.273	1	8	28	4	83	20	161	0
0.273	1	13	28	4	87	20	161	0
0.273	1	4	28	4	44	20	161	1
0.273	1	7	28	4	52	20	161	1
0.274	1	2	28	5	90	20	161	0
0.274	1	15	28	5	92	20	161	0
0.274	1	12	28	5	59	20	161	1
0.274	1	9	28	5	65	20	161	1
0.275	1	11	28	6	1	20	161	0
0.275	1	3	28	6	10	20	161	0
0.275	1	14	28	6	72	20	161	1
0.275	1	5	28	6	78	20	161	1
0.276	1	6	28	7	20	20	161	0
0.276	1	10	28	7	31	20	161	0
0.276	1	8	28	7	83	20	161	1
0.276	1	13	28	7	87	20	161	1
0.277	1	1	28	8	39	20	161	0
0.277	1	4	28	8	44	20	161	0
0.277	1	2	28	8	90	20	161	1
0.277	1	15	28	8	92	20	161	1
0.278	1	7	28	9	52	20	161	0
0.278	1	12	28	9	59	20	161	0
0.278	1	11	28	9	1	20	161	1
0.278	1	3	28	9	10	20	161	1
0.279	1	9	28	10	65	20	161	0
0.279	1	14	28	10	72	20	161	0
0.279	1	6	28	10	20	20	161	1
0.279	1	10	28	10	31	20	161	1
0.28	1	5	29	1	78	20	161	0
0.28	1	8	29	1	83	20	161	0
0.28	1	1	29	1	39	20	161	1
0.28	1	4	29	1	44	20	161	1
0.281	1	13	29	2	87	20	161	0
0.281	1	2	29	2	90	20	161	0
0.281	1	7	29	2	52	20	161	1
0.281	1	12	29	2	59	20	161	1
0.282	1	15	29	3	92	20	161	0
0.282	1	11	29	3	1	20	161	0
0.282	1	9	29	3	65	20	161	1
0.282	1	14	29	3	72	20	161	1
0.283	1	3	29	4	10	20	161	0
0.283	1	6	29	4	20	20	161	0
0.283	1	5	29	4	78	20	161	1
0.283	1	8	29	4	83	20	161	1
0.284	1	10	29	5	31	20	161	0
0.284	1	1	29	5	39	20	161	0
0.284	1	13	29	5	87	20	161	1
0.284	1	2	29	5	90	20	161	1
0.285	1	4	29	6	44	20	161	0
0.285	1	7	29	6	52	20	161	0
0.285	1	15	29	6	92	20	161	1
0.285	1	11	29	6	1	20	161	1
0.286	1	12	29	7	59	20	161	0
0.286	1	9	29	7	65	20	161	0
0.286	1	3	29	7	10	20	161	1
0.286	1	6	29	7	20	20	161	1
0.287	1	14	29	8	72	20	161	0
0.287	1	5	29	8	78	20	161	0
0.287	1	10	29	8	31	20	161	1
0.287	1	1	29	8	39	20	161	1
0.288	1	8	29	9	83	20	161	0
0.288	1	13	29	9	87	20	161	0
0.288	1	4	29	9	44	20	161	1
0.288	1	7	29	9	52	20	161	1
0.289	1	2	29	10	90	20	161	0
0.289	1	15	29	10	92	20	161	0
0.289	1	12	29	10	59	20	161	1
0.289	1	9	29	10	65	20	161	1
0.29	1	11	30	1	1	20	161	0
0.29	1	3	30	1	10	20	161	0
0.29	1	14	30	1	72	20	161	1
0.29	1	5	30	1	78	20	161	1
0.291	1	6	30	2	20	20	161	0
0.291	1	10	30	2	31	20	161	0
0.291	1	8	30	2	83	20	161	1
0.291	1	13	30	2	87	20	161	1
0.292	1	1	30	3	39	20	161	0
0.292	1	4	30	3	44	20	161	0
0.292	1	2	30	3	90	20	161	1
0.292	1	15	30	3	92	20	161	1
0.293	1	7	30	4	52	20	161	0
0.293	1	12	30	4	59	20	161	0
0.293	1	11	30	4	1	20	161	1
0.293	1	3	30	4	10	20	161	1
0.294	1	9	30	5	65	20	161	0
0.294	1	14	30	5	72	20	161	0
0.294	1	6	30	5	20	20	161	1
0.294	1	10	30	5	31	20	161	1
0.295	1	5	30	6	78	20	161	0
0.295	1	8	30	6	83	20	161	0
0.295	1	1	30	6	39	20	161	1
0.295	1	4	30	6	44	20	161	1
0.296	1	13	30	7	87	20	161	0
0.296	1	2	30	7	90	20	161	0
0.296	1	7	30	7	52	20	161	1
0.296	1	12	30	7	59	20	161	1
0.297	1	15	30	8	92	20	161	0
0.297	1	11	30	8	1	20	161	0
0.297	1	9	30	8	65	20	161	1
0.297	1	14	30	8	72	20	161	1
0.298	1	3	30	9	10	20	161	0
0.298	1	6	30	9	20	20	161	0
0.298	1	5	30	9	78	20	161	1
0.298	1	8	30	9	83	20	161	1
0.299	1	10	30	10	31	20	161	0
0.299	1	1	30	10	39	20	161	0
0.299	1	13	30	10	87	20	161	1
0.299	1	2	30	10	90	20	161	1
0.3	1	4	31	1	44	20	161	0
0.3	1	7	31	1	52	20	161	0
0.3	1	15	31	1	92	20	161	1
0.3	1	11	31	1	1	20	161	1
0.301	1	12	31	2	59	20	161	0
0.301	1	9	31	2	65	20	161	0
0.301	1	3	31	2	10	20	161	1
0.301	1	6	31	2	20	20	161	1
0.302	1	14	31	3	72	20	161	0
0.302	1	5	31	3	78	20	161	0
0.302	1	10	31	3	31	20	161	1
0.302	1	1	31	3	39	20	161	1
0.303	1	8	31	4	83	20	161	0
0.303	1	13	31	4	87	20	161	0
0.303	1	4	31	4	44	20	161	1
0.303	1	7	31	4	52	20	161	1
0.304	1	2	31	5	90	20	161	0
0.304	1	15	31	5	92	20	161	0
0.304	1	12	31	5	59	20	161	1
0.304	1	9	31	5	65	20	161	1
0.305	1	11	31	6	1	20	161	0
0.305	1	3	31	6	10	20	161	0
0.305	1	14	31	6	72	20	161	1
0.305	1	5	31	6	78	20	161	1
0.306	1	6	31	7	20	20	161	0
0.306	1	10	31	7	31	20	161	0
0.306	1	8	31	7	83	20	161	1
0.306	1	13	31	7	87	20	161	1
0.307	1	1	31	8	39	20	161	0
0.307	1	4	31	8	44	20	161	0
0.307	1	2	31	8	90	20	161	1
0.307	1	15	31	8	92	20	161	1
0.308	1	7	31	9	52	20	161	0
0.308	1	12	31	9	59	20	161	0
0.308	1	11	31	9	1	20	161	1
0.308	1	3	31	9	10	20	161	1
0.309	1	9	31	10	65	20	161	0
0.309	1	14	31	10	72	20	161	0
0.309	1	6	31	10	20	20	161	1
0.309	1	10	31	10	31	20	161	1
0.31	1	5	32	1	78	20	161	0
0.31	1	8	32	1	83	20	161	0
0.31	1	1	32	1	39	20	161	1
0.31	1	4	32	1	44	20	161	1
0.311	1	13	32	2	87	20	161	0
0.311	1	2	32	2	90	20	161	0
0.311	1	7	32	2	52	20	161	1
0.311	1	12	32	2	59	20	161	1
0.312	1	15	32	3	92	20	161	0
0.312	1	11	32	3	1	20	161	0
0.312	1	9	32	3	65	20	161	1
0.312	1	14	32	3	72	20	161	1
0.313	1	3	32	4	10	20	161	0
0.313	1	6	32	4	20	20	161	0
0.313	1	5	32	4	78	20	161	1
0.313	1	8	32	4	83	20	161	1
0.314	1	10	32	5	31	20	161	0
0.314	1	1	32	5	39	20	161	0
0.314	1	13	32	5	87	20	161	1
0.314	1	2	32	5	90	20	161	1
0.315	1	4	32	6	44	20	161	0
0.315	1	7	32	6	52	20	161	0
0.315	1	15	32	6	92	20	161	1
0.315	1	11	32	6	1	20	161	1
0.316	1	12	32	7	59	20	161	0
0.316	1	9	32	7	65	20	161	0
0.316	1	3	32	7	10	20	161	1
0.316	1	6	32	7	20	20	161	1
0.317	1	14	32	8	72	20	161	0
0.317	1	5	32	8	78	20	161	0
0.317	1	10	32	8	31	20	161	1
0.317	1	1	32	8	39	20	161	1
0.318	1	8	32	9	83	20	161	0
0.318	1	13	32	9	87	20	161	0
0.318	1	4	32	9	44	20	161	1
0.318	1	7	32	9	52	20	161	1
0.319	1	2	32	10	90	20	161	0
0.319	1	15	32	10	92	20	161	0
0.319	1	12	32	10	59	20	161	1
0.319	1	9	32	10	65	20	161	1
0.32	1	11	33	1	1	20	161	0
0.32	1	3	33	1	10	20	161	0
0.32	1	14	33	1	72	20	161	1
0.32	1	5	33	1	78	20	161	1
0.321	1	6	33	2	20	20	161	0
0.321	1	10	33	2	31	20	161	0
0.321	1	8	33	2	83	20	161	1
0.321	1	13	33	2	87	20	161	1
0.322	1	1	33	3	39	20	161	0
0.322	1	4	33	3	44	20	161	0
0.322	1	2	33	3	90	20	161	1
0.322	1	15	33	3	92	20	161	1
0.323	1	7	33	4	52	20	161	0
0.323	1	12	33	4	59	20	161	0
0.323	1	11	33	4	1	20	161	1
0.323	1	3	33	4	10	20	161	1
0.324	1	9	33	5	65	20	161	0
0.324	1	14	33	5	72	20	161	0
0.324	1	6	33	5	20	20	161	1
0.324	1	10	33	5	31	20	161	1
0.325	1	5	33	6	78	20	161	0
0.325	1	8	33	6	83	20	161	0
0.325	1	1	33	6	39	20	161	1
0.325	1	4	33	6	44	20	161	1
0.326	1	13	33	7	87	20	161	0
0.326	1	2	33	7	90	20	161	0
0.326	1	7	33	7	52	20	161	1
0.326	1	12	33	7	59	20	161	1
0.327	1	15	33	8	92	20	161	0
0.327	1	11	33	8	1	20	161	0
0.327	1	9	33	8	65	20	161	1
0.327	1	14	33	8	72	20	161	1
0.328	1	3	33	9	10	20	161	0
0.328	1	6	33	9	20	20	161	0
0.328	1	5	33	9	78	20	161	1
0.328	1	8	33	9	83	20	161	1
0.329	1	10	33	10	31	20	161	0
0.329	1	1	33	10	39	20	161	0
0.329	1	13	33	10	87	20	161	1
0.329	1	2	33	10	90	20	161	1
0.33	1	4	34	1	44	20	161	0
0.33	1	7	34	1	52	20	161	0
0.33	1	15	34	1	92	20	161	1
0.33	1	11	34	1	1	20	161	1
0.331	1	12	34	2	59	20	161	0
0.331	1	9	34	2	65	20	161	0
0.331	1	3	34	2	10	20	161	1
0.331	1	6	34	2	20	20	161	1
0.332	1	14	34	3	72	20	161	0
0.332	1	5	34	3	78	20	161	0
0.332	1	10	34	3	31	20	161	1
0.332	1	1	34	3	39	20	161	1
0.333	1	8	34	4	83	20	161	0
0.333	1	13	34	4	87	20	161	0
0.333	1	4	34	4	44	20	161	1
0.333	1	7	34	4	52	20	161	1
0.334	1	2	34	5	90	20	161	0
0.334	1	15	34	5	92	20	161	0
0.334	1	12	34	5	59	20	161	1
0.334	1	9	34	5	65	20	161	1
0.335	1	11	34	6	1	20	161	0
0.335	1	3	34	6	10	20	161	0
0.335	1	14	34	6	72	20	161	1
0.335	1	5	34	6	78	20	161	1
0.336	1	6	34	7	20	20	161	0
0.336	1	10	34	7	31	20	161	0
0.336	1	8	34	7	83	20	161	1
0.336	1	13	34	7	87	20	161	1
0.337	1	1	34	8	39	20	161	0
0.337	1	4	34	8	44	20	161	0
0.337	1	2	34	8	90	20	161	1
0.337	1	15	34	8	92	20	161	1
0.338	1	7	34	9	52	20	161	0
0.338	1	12	34	9	59	20	161	0
0.338	1	11	34	9	1	20	161	1
0.338	1	3	34	9	10	20	161	1
0.339	1	9	34	10	65	20	161	0
0.339	1	14	34	10	72	20	161	0
0.339	1	6	34	10	20	20	161	1
0.339	1	10	34	10	31	20	161	1
0.34	1	5	35	1	78	20	161	0
0.34	1	8	35	1	83	20	161	0
0.34	1	1	35	1	39	20	161	1
0.34	1	4	35	1	44	20	161	1
0.341	1	13	35	2	87	20	161	0
0.341	1	2	35	2	90	20	161	0
0.341	1	7	35	2	52	20	161	1
0.341	1	12	35	2	59	20	161	1
0.342	1	15	35	3	92	20	161	0
0.342	1	11	35	3	1	20	161	0
0.342	1	9	35	3	65	20	161	1
0.342	1	14	35	3	72	20	161	1
0.343	1	3	35	4	10	20	161	0
0.343	1	6	35	4	20	20	161	0
0.343	1	5	35	4	78	20	161	1
0.343	1	8	35	4	83	20	161	1
0.344	1	10	35	5	31	20	161	0
0.344	1	1	35	5	39	20	161	0
0.344	1	13	35	5	87	20	161	1
0.344	1	2	35	5	90	20	161	1
0.345	1	4	35	6	44	20	161	0
0.345	1	7	35	6	52	20	161	0
0.345	1	15	35	6	92	20	161	1
0.345	1	11	35	6	1	20	161	1
0.346	1	12	35	7	59	20	161	0
0.346	1	9	35	7	65	20	161	0
0.346	1	3	35	7	10	20	161	1
0.346	1	6	35	7	20	20	161	1
0.347	1	14	35	8	72	20	161	0
0.347	1	5	35	8	78	20	161	0
0.347	1	10	35	8	31	20	161	1
0.347	1	1	35	8	39	20	161	1
0.348	1	8	35	9	83	20	161	0
0.348	1	13	35	9	87	20	161	0
0.348	1	4	35	9	44	20	161	1
0.348	1	7	35	9	52	20	161	1
0.349	1	2	35	10	90	20	161	0
0.349	1	15	35	10	92	20	161	0
0.349	1	12	35	10	59	20	161	1
0.349	1	9	35	10	65	20	161	1
0.35	1	11	36	1	1	20	161	0
0.35	1	3	36	1	10	20	161	0
0.35	1	14	36	1	72	20	161	1
0.35	1	5	36	1	78	20	161	1
0.351	1	6	36	2	20	20	161	0
0.351	1	10	36	2	31	20	161	0
0.351	1	8	36	2	83	20	161	1
0.351	1	13	36	2	87	20	161	1
0.352	1	1	36	3	39	20	161	0
0.352	1	4	36	3	44	20	161	0
0.352	1	2	36	3	90	20	161	1
0.352	1	15	36	3	92	20	161	1
0.353	1	7	36	4	52	20	161	0
0.353	1	12	36	4	59	20	161	0
0.353	1	11	36	4	1	20	161	1
0.353	1	3	36	4	10	20	161	1
0.354	1	9	36	5	65	20	161	0
0.354	1	14	36	5	72	20	161	0
0.354	1	6	36	5	20	20	161	1
0.354	1	10	36	5	31	20	161	1
0.355	1	5	36	6	78	20	161	0
0.355	1	8	36	6	83	20	161	0
0.355	1	1	36	6	39	20	161	1
0.355	1	4	36	6	44	20	161	1
0.356	1	13	36	7	87	20	161	0
0.356	1	2	36	7	90	20	161	0
0.356	1	7	36	7	52	20	161	1
0.356	1	12	36	7	59	20	161	1
0.357	1	15	36	8	92	20	161	0
0.357	1	11	36	8	1	20	161	0
0.357	1	9	36	8	65	20	161	1
0.357	1	14	36	8	72	20	161	1
0.358	1	3	36	9	10	20	161	0
0.358	1	6	36	9	20	20	161	0
0.358	1	5	36	9	78	20	161	1
0.358	1	8	36	9	83	20	161	1
0.359	1	10	36	10	31	20	161	0
0.359	1	1	36	10	39	20	161	0
0.359	1	13	36	10	87	20	161	1
0.359	1	2	36	10	90	20	161	1
0.36	1	4	37	1	44	20	161	0
0.36	1	7	37	1	52	20	161	0
0.36	1	15	37	1	92	20	161	1
0.36	1	11	37	1	1	20	161	1
0.361	1	12	37	2	59	20	161	0
0.361	1	9	37	2	65	20	161	0
0.361	1	3	37	2	10	20	161	1
0.361	1	6	37	2	20	20	161	1
0.362	1	14	37	3	72	20	161	0
0.362	1	5	37	3	78	20	161	0
0.362	1	10	37	3	31	20	161	1
0.362	1	1	37	3	39	20	161	1
0.363	1	8	37	4	83	20	161	0
0.363	1	13	37	4	87	20	161	0
0.363	1	4	37	4	44	20	161	1
0.363	1	7	37	4	52	20	161	1
0.364	1	2	37	5	90	20	161	0
0.364	1	15	37	5	92	20	161	0
0.364	1	12	37	5	59	20	161	1
0.364	1	9	37	5	65	20	161	1
0.365	1	11	37	6	1	20	161	0
0.365	1	3	37	6	10	20	161	0
0.365	1	14	37	6	72	20	161	1
0.365	1	5	37	6	78	20	161	1
0.366	1	6	37	7	20	20	161	0
0.366	1	10	37	7	31	20	161	0
0.366	1	8	37	7	83	20	161	1
0.366	1	13	37	7	87	20	161	1
0.367	1	1	37	8	39	20	161	0
0.367	1	4	37	8	44	20	161	0
0.367	1	2	37	8	90	20	161	1
0.367	1	15	37	8	92	20	161	1
0.368	1	7	37	9	52	20	161	0
0.368	1	12	37	9	59	20	161	0
0.368	1	11	37	9	1	20	161	1
0.368	1	3	37	9	10	20	161	1
0.369	1	9	37	10	65	20	161	0
0.369	1	14	37	10	72	20	161	0
0.369	1	6	37	10	20	20	161	1
0.369	1	10	37	10	31	20	161	1
0.37	1	5	38	1	78	20	161	0
0.37	1	8	38	1	83	20	161	0
0.37	1	1	38	1	39	20	161	1
0.37	1	4	38	1	44	20	161	1
0.371	1	13	38	2	87	20	161	0
0.371	1	2	38	2	90	20	161	0
0.371	1	7	38	2	52	20	161	1
0.371	1	12	38	2	59	20	161	1
0.372	1	15	38	3	92	20	161	0
0.372	1	11	38	3	1	20	161	0
0.372	1	9	38	3	65	20	161	1
0.372	1	14	38	3	72	20	161	1
0.373	1	3	38	4	10	20	161	0
0.373	1	6	38	4	20	20	161	0
0.373	1	5	38	4	78	20	161	1
0.373	1	8	38	4	83	20	161	1
0.374	1	10	38	5	31	20	161	0
0.374	1	1	38	5	39	20	161	0
0.374	1	13	38	5	87	20	161	1
0.374	1	2	38	5	90	20	161	1
0.375	1	4	38	6	44	20	161	0
0.375	1	7	38	6	52	20	161	0
0.375	1	15	38	6	92	20	161	1
0.375	1	11	38	6	1	20	161	1
0.376	1	12	38	7	59	20	161	0
0.376	1	9	38	7	65	20	161	0
0.376	1	3	38	7	10	20	161	1
0.376	1	6	38	7	20	20	161	1
0.377	1	14	38	8	72	20	161	0
0.377	1	5	38	8	78	20	161	0
0.377	1	10	38	8	31	20	161	1
0.377	1	1	38	8	39	20	161	1
0.378	1	8	38	9	83	20	161	0
0.378	1	13	38	9	87	20	161	0
0.378	1	4	38	9	44	20	161	1
0.378	1	7	38	9	52	20	161	1
0.379	1	2	38	10	90	20	161	0
0.379	1	15	38	10	92	20	161	0
0.379	1	12	38	10	59	20	161	1
0.379	1	9	38	10	65	20	161	1
0.38	1	11	39	1	1	20	161	0
0.38	1	3	39	1	10	20	161	0
0.38	1	14	39	1	72	20	161	1
0.38	1	5	39	1	78	20	161	1
0.381	1	6	39	2	20	20	161	0
0.381	1	10	39	2	31	20	161	0
0.381	1	8	39	2	83	20	161	1
0.381	1	13	39	2	87	20	161	1
0.382	1	1	39	3	39	20	161	0
0.382	1	4	39	3	44	20	161	0
0.382	1	2	39	3	90	20	161	1
0.382	1	15	39	3	92	20	161	1
0.383	1	7	39	4	52	20	161	0
0.383	1	12	39	4	59	20	161	0
0.383	1	11	39	4	1	20	161	1
0.383	1	3	39	4	10	20	161	1
0.384	1	9	39	5	65	20	161	0
0.384	1	14	39	5	72	20	161	0
0.384	1	6	39	5	20	20	161	1
0.384	1	10	39	5	31	20	161	1
0.385	1	5	39	6	78	20	161	0
0.385	1	8	39	6	83	20	161	0
0.385	1	1	39	6	39	20	161	1
0.385	1	4	39	6	44	20	161	1
0.386	1	13	39	7	87	20	161	0
0.386	1	2	39	7	90	20	161	0
0.386	1	7	39	7	52	20	161	1
0.386	1	12	39	7	59	20	161	1
0.387	1	15	39	8	92	20	161	0
0.387	1	11	39	8	1	20	161	0
0.387	1	9	39	8	65	20	161	1
0.387	1	14	39	8	72	20	161	1
0.388	1	3	39	9	10	20	161	0
0.388	1	6	39	9	20	20	161	0
0.388	1	5	39	9	78	20	161	1
0.388	1	8	39	9	83	20	161	1
0.389	1	10	39	10	31	20	161	0
0.389	1	1	39	10	39	20	161	0
0.389	1	13	39	10	87	20	161	1
0.389	1	2	39	10	90	20	161	1
0.39	1	4	40	1	44	20	161	0
0.39	1	7	40	1	52	20	161	0
0.39	1	15	40	1	92	20	161	1
0.39	1	11	40	1	1	20	161	1
0.391	1	12	40	2	59	20	161	0
0.391	1	9	40	2	65	20	161	0
0.391	1	3	40	2	10	20	161	1
0.391	1	6	40	2	20	20	161	1
0.392	1	14	40	3	72	20	161	0
0.392	1	5	40	3	78	20	161	0
0.392	1	10	40	3	31	20	161	1
0.392	1	1	40	3	39	20	161	1
0.393	1	8	40	4	83	20	161	0
0.393	1	13	40	4	87	20	161	0
0.393	1	4	40	4	44	20	161	1
0.393	1	7	40	4	52	20	161	1
0.394	1	2	40	5	90	20	161	0
0.394	1	15	40	5	92	20	161	0
0.394	1	12	40	5	59	20	161	1
0.394	1	9	40	5	65	20	161	1
0.395	1	11	40	6	1	20	161	0
0.395	1	3	40	6	10	20	161	0
0.395	1	14	40	6	72	20	161	1
0.395	1	5	40	6	78	20	161	1
0.396	1	6	40	7	20	20	161	0
0.396	1	10	40	7	31	20	161	0
0.396	1	8	40	7	83	20	161	1
0.396	1	13	40	7	87	20	161	1
0.397	1	1	40	8	39	20	161	0
0.397	1	4	40	8	44	20	161	0
0.397	1	2	40	8	90	20	161	1
0.397	1	15	40	8	92	20	161	1
0.398	1	7	40	9	52	20	161	0
0.398	1	12	40	9	59	20	161	0
0.398	1	11	40	9	1	20	161	1
0.398	1	3	40	9	10	20	161	1
0.399	1	9	40	10	65	20	161	0
0.399	1	14	40	10	72	20	161	0
0.399	1	6	40	10	20	20	161	1
0.399	1	10	40	10	31	20	161	1
0.4	1	5	41	1	78	20	161	0
0.4	1	8	41	1	83	20	161	0
0.4	1	1	41	1	39	20	161	1
0.4	1	4	41	1	44	20	161	1
0.401	1	13	41	2	87	20	161	0
0.401	1	2	41	2	90	20	161	0
0.401	1	7	41	2	52	20	161	1
0.401	1	12	41	2	59	20	161	1
0.402	1	15	41	3	92	20	161	0
0.402	1	11	41	3	1	20	161	0
0.402	1	9	41	3	65	20	161	1
0.402	1	14	41	3	72	20	161	1
0.403	1	3	41	4	10	20	161	0
0.403	1	6	41	4	20	20	161	0
0.403	1	5	41	4	78	20	161	1
0.403	1	8	41	4	83	20	161	1
0.404	1	10	41	5	31	20	161	0
0.404	1	1	41	5	39	20	161	0
0.404	1	13	41	5	87	20	161	1
0.404	1	2	41	5	90	20	161	1
0.405	1	4	41	6	44	20	161	0
0.405	1	7	41	6	52	20	161	0
0.405	1	15	41	6	92	20	161	1
0.405	1	11	41	6	1	20	161	1
0.406	1	12	41	7	59	20	161	0
0.406	1	9	41	7	65	20	161	0
0.406	1	3	41	7	10	20	161	1
0.406	1	6	41	7	20	20	161	1
0.407	1	14	41	8	72	20	161	0
0.407	1	5	41	8	78	20	161	0
0.407	1	10	41	8	31	20	161	1
0.407	1	1	41	8	39	20	161	1
0.408	1	8	41	9	83	20	161	0
0.408	1	13	41	9	87	20	161	0
0.408	1	4	41	9	44	20	161	1
0.408	1	7	41	9	52	20	161	1
0.409	1	2	41	10	90	20	161	0
0.409	1	15	41	10	92	20	161	0
0.409	1	12	41	10	59	20	161	1
0.409	1	9	41	10	65	20	161	1
0.41	1	11	42	1	1	20	161	0
0.41	1	3	42	1	10	20	161	0
0.41	1	14	42	1	72	20	161	1
0.41	1	5	42	1	78	20	161	1
0.411	1	6	42	2	20	20	161	0
0.411	1	10	42	2	31	20	161	0
0.411	1	8	42	2	83	20	161	1
0.411	1	13	42	2	87	20	161	1
0.412	1	1	42	3	39	20	161	0
0.412	1	4	42	3	44	20	161	0
0.412	1	2	42	3	90	20	161	1
0.412	1	15	42	3	92	20	161	1
0.413	1	7	42	4	52	20	161	0
0.413	1	12	42	4	59	20	161	0
0.413	1	11	42	4	1	20	161	1
0.413	1	3	42	4	10	20	161	1
0.414	1	9	42	5	65	20	161	0
0.414	1	14	42	5	72	20	161	0
0.414	1	6	42	5	20	20	161	1
0.414	1	10	42	5	31	20	161	1
0.415	1	5	42	6	78	20	161	0
0.415	1	8	42	6	83	20	161	0
0.415	1	1	42	6	39	20	161	1
0.415	1	4	42	6	44	20	161	1
0.416	1	13	42	7	87	20	161	0
0.416	1	2	42	7	90	20	161	0
0.416	1	7	42	7	52	20	161	1
0.416	1	12	42	7	59	20	161	1
0.417	1	15	42	8	92	20	161	0
0.417	1	11	42	8	1	20	161	0
0.417	1	9	42	8	65	20	161	1
0.417	1	14	42	8	72	20	161	1
0.418	1	3	42	9	10	20	161	0
0.418	1	6	42	9	20	20	161	0
0.418	1	5	42	9	78	20	161	1
0.418	1	8	42	9	83	20	161	1
0.419	1	10	42	10	31	20	161	0
0.419	1	1	42	10	39	20	161	0
0.419	1	13	42	10	87	20	161	1
0.419	1	2	42	10	90	20	161	1
0.42	1	4	43	1	44	20	161	0
0.42	1	7	43	1	52	20	161	0
0.42	1	15	43	1	92	20	161	1
0.42	1	11	43	1	1	20	161	1
0.421	1	12	43	2	59	20	161	0
0.421	1	9	43	2	65	20	161	0
0.421	1	3	43	2	10	20	161	1
0.421	1	6	43	2	20	20	161	1
0.422	1	14	43	3	72	20	161	0
0.422	1	5	43	3	78	20	161	0
0.422	1	10	43	3	31	20	161	1
0.422	1	1	43	3	39	20	161	1
0.423	1	8	43	4	83	20	161	0
0.423	1	13	43	4	87	20	161	0
0.423	1	4	43	4	44	20	161	1
0.423	1	7	43	4	52	20	161	1
0.424	1	2	43	5	90	20	161	0
0.424	1	15	43	5	92	20	161	0
0.424	1	12	43	5	59	20	161	1
0.424	1	9	43	5	65	20	161	1
0.425	1	11	43	6	1	20	161	0
0.425	1	3	43	6	10	20	161	0
0.425	1	14	43	6	72	20	161	1
0.425	1	5	43	6	78	20	161	1
0.426	1	6	43	7	20	20	161	0
0.426	1	10	43	7	31	20	161	0
0.426	1	8	43	7	83	20	161	1
0.426	1	13	43	7	87	20	161	1
0.427	1	1	43	8	39	20	161	0
0.427	1	4	43	8	44	20	161	0
0.427	1	2	43	8	90	20	161	1
0.427	1	15	43	8	92	20	161	1
0.428	1	7	43	9	52	20	161	0
0.428	1	12	43	9	59	20	161	0
0.428	1	11	43	9	1	20	161	1
0.428	1	3	43	9	10	20	161	1
0.429	1	9	43	10	65	20	161	0
0.429	1	14	43	10	72	20	161	0
0.429	1	6	43	10	20	20	161	1
0.429	1	10	43	10	31	20	161	1
0.43	1	5	44	1	78	20	161	0
0.43	1	8	44	1	83	20	161	0
0.43	1	1	44	1	39	20	161	1
0.43	1	4	44	1	44	20	161	1
0.431	1	13	44	2	87	20	161	0
0.431	1	2	44	2	90	20	161	0
0.431	1	7	44	2	52	20	161	1
0.431	1	12	44	2	59	20	161	1
0.432	1	15	44	3	92	20	161	0
0.432	1	11	44	3	1	20	161	0
0.432	1	9	44	3	65	20	161	1
0.432	1	14	44	3	72	20	161	1
0.433	1	3	44	4	10	20	161	0
0.433	1	6	44	4	20	20	161	0
0.433	1	5	44	4	78	20	161	1
0.433	1	8	44	4	83	20	161	1
0.434	1	10	44	5	31	20	161	0
0.434	1	1	44	5	39	20	161	0
0.434	1	13	44	5	87	20	161	1
0.434	1	2	44	5	90	20	161	1
0.435	1	4	44	6	44	20	161	0
0.435	1	7	44	6	52	20	161	0
0.435	1	15	44	6	92	20	161	1
0.435	1	11	44	6	1	20	161	1
0.436	1	12	44	7	59	20	161	0
0.436	1	9	44	7	65	20	161	0
0.436	1	3	44	7	10	20	161	1
0.436	1	6	44	7	20	20	161	1
0.437	1	14	44	8	72	20	161	0
0.437	1	5	44	8	78	20	161	0
0.437	1	10	44	8	31	20	161	1
0.437	1	1	44	8	39	20	161	1
0.438	1	8	44	9	83	20	161	0
0.438	1	13	44	9	87	20	161	0
0.438	1	4	44	9	44	20	161	1
0.438	1	7	44	9	52	20	161	1
0.439	1	2	44	10	90	20	161	0
0.439	1	15	44	10	92	20	161	0
0.439	1	12	44	10	59	20	161	1
0.439	1	9	44	10	65	20	161	1
0.44	1	11	45	1	1	20	161	0
0.44	1	3	45	1	10	20	161	0
0.44	1	14	45	1	72	20	161	1
0.44	1	5	45	1	78	20	161	1
0.441	1	6	45	2	20	20	161	0
0.441	1	10	45	2	31	20	161	0
0.441	1	8	45	2	83	20	161	1
0.441	1	13	45	2	87	20	161	1
0.442	1	1	45	3	39	20	161	0
0.442	1	4	45	3	44	20	161	0
0.442	1	2	45	3	90	20	161	1
0.442	1	15	45	3	92	20	161	1
0.443	1	7	45	4	52	20	161	0
0.443	1	12	45	4	59	20	161	0
0.443	1	11	45	4	1	20	161	1
0.443	1	3	45	4	10	20	161	1
0.444	1	9	45	5	65	20	161	0
0.444	1	14	45	5	72	20	161	0
0.444	1	6	45	5	20	20	161	1
0.444	1	10	45	5	31	20	161	1
0.445	1	5	45	6	78	20	161	0
0.445	1	8	45	6	83	20	161	0
0.445	1	1	45	6	39	20	161	1
0.445	1	4	45	6	44	20	161	1
0.446	1	13	45	7	87	20	161	0
0.446	1	2	45	7	90	20	161	0
0.446	1	7	45	7	52	20	161	1
0.446	1	12	45	7	59	20	161	1
0.447	1	15	45	8	92	20	161	0
0.447	1	11	45	8	1	20	161	0
0.447	1	9	45	8	65	20	161	1
0.447	1	14	45	8	72	20	161	1
0.448	1	3	45	9	10	20	161	0
0.448	1	6	45	9	20	20	161	0
0.448	1	5	45	9	78	20	161	1
0.448	1	8	45	9	83	20	161	1
0.449	1	10	45	10	31	20	161	0
0.449	1	1	45	10	39	20	161	0
0.449	1	13	45	10	87	20	161	1
0.449	1	2	45	10	90	20	161	1
0.45	1	4	46	1	44	20	161	0
0.45	1	7	46	1	52	20	161	0
0.45	1	15	46	1	92	20	161	1
0.45	1	11	46	1	1	20	161	1
0.451	1	12	46	2	59	20	161	0
0.451	1	9	46	2	65	20	161	0
0.451	1	3	46	2	10	20	161	1
0.451	1	6	46	2	20	20	161	1
0.452	1	14	46	3	72	20	161	0
0.452	1	5	46	3	78	20	161	0
0.452	1	10	46	3	31	20	161	1
0.452	1	1	46	3	39	20	161	1
0.453	1	8	46	4	83	20	161	0
0.453	1	13	46	4	87	20	161	0
0.453	1	4	46	4	44	20	161	1
0.453	1	7	46	4	52	20	161	1
0.454	1	2	46	5	90	20	161	0
0.454	1	15	46	5	92	20	161	0
0.454	1	12	46	5	59	20	161	1
0.454	1	9	46	5	65	20	161	1
0.455	1	11	46	6	1	20	161	0
0.455	1	3	46	6	10	20	161	0
0.455	1	14	46	6	72	20	161	1
0.455	1	5	46	6	78	20	161	1
0.456	1	6	46	7	20	20	161	0
0.456	1	10	46	7	31	20	161	0
0.456	1	8	46	7	83	20	161	1
0.456	1	13	46	7	87	20	161	1
0.457	1	1	46	8	39	20	161	0
0.457	1	4	46	8	44	20	161	0
0.457	1	2	46	8	90	20	161	1
0.457	1	15	46	8	92	20	161	1
0.458	1	7	46	9	52	20	161	0
0.458	1	12	46	9	59	20	161	0
0.458	1	11	46	9	1	20	161	1
0.458	1	3	46	9	10	20	161	1
0.459	1	9	46	10	65	20	161	0
0.459	1	14	46	10	72	20	161	0
0.459	1	6	46	10	20	20	161	1
0.459	1	10	46	10	31	20	161	1
0.46	1	5	47	1	78	20	161	0
0.46	1	8	47	1	83	20	161	0
0.46	1	1	47	1	39	20	161	1
0.46	1	4	47	1	44	20	161	1
0.461	1	13	47	2	87	20	161	0
0.461	1	2	47	2	90	20	161	0
0.461	1	7	47	2	52	20	161	1
0.461	1	12	47	2	59	20	161	1
0.462	1	15	47	3	92	20	161	0
0.462	1	11	47	3	1	20	161	0
0.462	1	9	47	3	65	20	161	1
0.462	1	14	47	3	72	20	161	1
0.463	1	3	47	4	10	20	161	0
0.463	1	6	47	4	20	20	161	0
0.463	1	5	47	4	78	20	161	1
0.463	1	8	47	4	83	20	161	1
0.464	1	10	47	5	31	20	161	0
0.464	1	1	47	5	39	20	161	0
0.464	1	13	47	5	87	20	161	1
0.464	1	2	47	5	90	20	161	1
0.465	1	4	47	6	44	20	161	0
0.465	1	7	47	6	52	20	161	0
0.465	1	15	47	6	92	20	161	1
0.465	1	11	47	6	1	20	161	1
0.466	1	12	47	7	59	20	161	0
0.466	1	9	47	7	65	20	161	0
0.466	1	3	47	7	10	20	161	1
0.466	1	6	47	7	20	20	161	1
0.467	1	14	47	8	72	20	161	0
0.467	1	5	47	8	78	20	161	0
0.467	1	10	47	8	31	20	161	1
0.467	1	1	47	8	39	20	161	1
0.468	1	8	47	9	83	20	161	0
0.468	1	13	47	9	87	20	161	0
0.468	1	4	47	9	44	20	161	1
0.468	1	7	47	9	52	20	161	1
0.469	1	2	47	10	90	20	161	0
0.469	1	15	47	10	92	20	161	0
0.469	1	12	47	10	59	20	161	1
0.469	1	9	47	10	65	20	161	1
0.47	1	11	48	1	1	20	161	0
0.47	1	3	48	1	10	20	161	0
0.47	1	14	48	1	72	20	161	1
0.47	1	5	48	1	78	20	161	1
0.471	1	6	48	2	20	20	161	0
0.471	1	10	48	2	31	20	161	0
0.471	1	8	48	2	83	20	161	1
0.471	1	13	48	2	87	20	161	1
0.472	1	1	48	3	39	20	161	0
0.472	1	4	48	3	44	20	161	0
0.472	1	2	48	3	90	20	161	1
0.472	1	15	48	3	92	20	161	1
0.473	1	7	48	4	52	20	161	0
0.473	1	12	48	4	59	20	161	0
0.473	1	11	48	4	1	20	161	1
0.473	1	3	48	4	10	20	161	1
0.474	1	9	48	5	65	20	161	0
0.474	1	14	48	5	72	20	161	0
0.474	1	6	48	5	20	20	161	1
0.474	1	10	48	5	31	20	161	1
0.475	1	5	48	6	78	20	161	0
0.475	1	8	48	6	83	20	161	0
0.475	1	1	48	6	39	20	161	1
0.475	1	4	48	6	44	20	161	1
0.476	1	13	48	7	87	20	161	0
0.476	1	2	48	7	90	20	161	0
0.476	1	7	48	7	52	20	161	1
0.476	1	12	48	7	59	20	161	1
0.477	1	15	48	8	92	20	161	0
0.477	1	11	48	8	1	20	161	0
0.477	1	9	48	8	65	20	161	1
0.477	1	14	48	8	72	20	161	1
0.478	1	3	48	9	10	20	161	0
0.478	1	6	48	9	20	20	161	0
0.478	1	5	48	9	78	20	161	1
0.478	1	8	48	9	83	20	161	1
0.479	1	10	48	10	31	20	161	0
0.479	1	1	48	10	39	20	161	0
0.479	1	13	48	10	87	20	161	1
0.479	1	2	48	10	90	20	161	1
0.48	1	4	49	1	44	20	161	0
0.48	1	7	49	1	52	20	161	0
0.48	1	15	49	1	92	20	161	1
0.48	1	11	49	1	1	20	161	1
0.481	1	12	49	2	59	20	161	0
0.481	1	9	49	2	65	20	161	0
0.481	1	3	49	2	10	20	161	1
0.481	1	6	49	2	20	20	161	1
0.482	1	14	49	3	72	20	161	0
0.482	1	5	49	3	78	20	161	0
0.482	1	10	49	3	31	20	161	1
0.482	1	1	49	3	39	20	161	1
0.483	1	8	49	4	83	20	161	0
0.483	1	13	49	4	87	20	161	0
0.483	1	4	49	4	44	20	161	1
0.483	1	7	49	4	52	20	161	1
0.484	1	2	49	5	90	20	161	0
0.484	1	15	49	5	92	20	161	0
0.484	1	12	49	5	59	20	161	1
0.484	1	9	49	5	65	20	161	1
0.485	1	11	49	6	1	20	161	0
0.485	1	3	49	6	10	20	161	0
0.485	1	14	49	6	72	20	161	1
0.485	1	5	49	6	78	20	161	1
0.486	1	6	49	7	20	20	161	0
0.486	1	10	49	7	31	20	161	0
0.486	1	8	49	7	83	20	161	1
0.486	1	13	49	7	87	20	161	1
0.487	1	1	49	8	39	20	161	0
0.487	1	4	49	8	44	20	161	0
0.487	1	2	49	8	90	20	161	1
0.487	1	15	49	8	92	20	161	1
0.488	1	7	49	9	52	20	161	0
0.488	1	12	49	9	59	20	161	0
0.488	1	11	49	9	1	20	161	1
0.488	1	3	49	9	10	20	161	1
0.489	1	9	49	10	65	20	161	0
0.489	1	14	49	10	72	20	161	0
0.489	1	6	49	10	20	20	161	1
0.489	1	10	49	10	31	20	161	1
0.49	1	5	50	1	78	20	161	0
0.49	1	8	50	1	83	20	161	0
0.49	1	1	50	1	39	20	161	1
0.49	1	4	50	1	44	20	161	1
0.491	1	13	50	2	87	20	161	0
0.491	1	2	50	2	90	20	161	0
0.491	1	7	50	2	52	20	161	1
0.491	1	12	50	2	59	20	161	1
0.492	1	15	50	3	92	20	161	0
0.492	1	11	50	3	1	20	161	0
0.492	1	9	50	3	65	20	161	1
0.492	1	14	50	3	72	20	161	1
0.493	1	3	50	4	10	20	161	0
0.493	1	6	50	4	20	20	161	0
0.493	1	5	50	4	78	20	161	1
0.493	1	8	50	4	83	20	161	1
0.494	1	10	50	5	31	20	161	0
0.494	1	1	50	5	39	20	161	0
0.494	1	13	50	5	87	20	161	1
0.494	1	2	50	5	90	20	161	1
0.495	1	4	50	6	44	20	161	0
0.495	1	7	50	6	52	20	161	0
0.495	1	15	50	6	92	20	161	1
0.495	1	11	50	6	1	20	161	1
0.496	1	12	50	7	59	20	161	0
0.496	1	9	50	7	65	20	161	0
0.496	1	3	50	7	10	20	161	1
0.496	1	6	50	7	20	20	161	1
0.497	1	14	50	8	72	20	161	0
0.497	1	5	50	8	78	20	161	0
0.497	1	10	50	8	31	20	161	1
0.497	1	1	50	8	39	20	161	1
0.498	1	8	50	9	83	20	161	0
0.498	1	13	50	9	87	20	161	0
0.498	1	4	50	9	44	20	161	1
0.498	1	7	50	9	52	20	161	1
0.499	1	2	50	10	90	20	161	0
0.499	1	15	50	10	92	20	161	0
0.499	1	12	50	10	59	20	161	1
0.499	1	9	50	10	65	20	161	1
0.5	1	11	51	1	1	20	161	0
0.5	1	3	51	1	10	20	161	0
0.5	1	14	51	1	72	20	161	1
0.5	1	5	51	1	78	20	161	1
0.501	1	6	51	2	20	20	161	0
0.501	1	10	51	2	31	20	161	0
0.501	1	8	51	2	83	20	161	1
0.501	1	13	51	2	87	20	161	1
0.502	1	1	51	3	39	20	161	0
0.502	1	4	51	3	44	20	161	0
0.502	1	2	51	3	90	20	161	1
0.502	1	15	51	3	92	20	161	1
0.503	1	7	51	4	52	20	161	0
0.503	1	12	51	4	59	20	161	0
0.503	1	11	51	4	1	20	161	1
0.503	1	3	51	4	10	20	161	1
0.504	1	9	51	5	65	20	161	0
0.504	1	14	51	5	72	20	161	0
0.504	1	6	51	5	20	20	161	1
0.504	1	10	51	5	31	20	161	1
0.505	1	5	51	6	78	20	161	0
0.505	1	8	51	6	83	20	161	0
0.505	1	1	51	6	39	20	161	1
0.505	1	4	51	6	44	20	161	1
0.506	1	13	51	7	87	20	161	0
0.506	1	2	51	7	90	20	161	0
0.506	1	7	51	7	52	20	161	1
0.506	1	12	51	7	59	20	161	1
0.507	1	15	51	8	92	20	161	0
0.507	1	11	51	8	1	20	161	0
0.507	1	9	51	8	65	20	161	1
0.507	1	14	51	8	72	20	161	1
0.508	1	3	51	9	10	20	161	0
0.508	1	6	51	9	20	20	161	0
0.508	1	5	51	9	78	20	161	1
0.508	1	8	51	9	83	20	161	1
0.509	1	10	51	10	31	20	161	0
0.509	1	1	51	10	39	20	161	0
0.509	1	13	51	10	87	20	161	1
0.509	1	2	51	10	90	20	161	1
0.51	1	4	52	1	44	20	161	0
0.51	1	7	52	1	52	20	161	0
0.51	1	15	52	1	92	20	161	1
0.51	1	11	52	1	1	20	161	1
0.511	1	12	52	2	59	20	161	0
0.511	1	9	52	2	65	20	161	0
0.511	1	3	52	2	10	20	161	1
0.511	1	6	52	2	20	20	161	1
0.512	1	14	52	3	72	20	161	0
0.512	1	5	52	3	78	20	161	0
0.512	1	10	52	3	31	20	161	1
0.512	1	1	52	3	39	20	161	1
0.513	1	8	52	4	83	20	161	0
0.513	1	13	52	4	87	20	161	0
0.513	1	4	52	4	44	20	161	1
0.513	1	7	52	4	52	20	161	1
0.514	1	2	52	5	90	20	161	0
0.514	1	15	52	5	92	20	161	0
0.514	1	12	52	5	59	20	161	1
0.514	1	9	52	5	65	20	161	1
0.515	1	11	52	6	1	20	161	0
0.515	1	3	52	6	10	20	161	0
0.515	1	14	52	6	72	20	161	1
0.515	1	5	52	6	78	20	161	1
0.516	1	6	52	7	20	20	161	0
0.516	1	10	52	7	31	20	161	0
0.516	1	8	52	7	83	20	161	1
0.516	1	13	52	7	87	20	161	1
0.517	1	1	52	8	39	20	161	0
0.517	1	4	52	8	44	20	161	0
0.517	1	2	52	8	90	20	161	1
0.517	1	15	52	8	92	20	161	1
0.518	1	7	52	9	52	20	161	0
0.518	1	12	52	9	59	20	161	0
0.518	1	11	52	9	1	20	161	1
0.518	1	3	52	9	10	20	161	1
0.519	1	9	52	10	65	20	161	0
0.519	1	14	52	10	72	20	161	0
0.519	1	6	52	10	20	20	161	1
0.519	1	10	52	10	31	20	161	1
0.52	1	5	53	1	78	20	161	0
0.52	1	8	53	1	83	20	161	0
0.52	1	1	53	1	39	20	161	1
0.52	1	4	53	1	44	20	161	1
0.521	1	13	53	2	87	20	161	0
0.521	1	2	53	2	90	20	161	0
0.521	1	7	53	2	52	20	161	1
0.521	1	12	53	2	59	20	161	1
0.522	1	15	53	3	92	20	161	0
0.522	1	11	53	3	1	20	161	0
0.522	1	9	53	3	65	20	161	1
0.522	1	14	53	3	72	20	161	1
0.523	1	3	53	4	10	20	161	0
0.523	1	6	53	4	20	20	161	0
0.523	1	5	53	4	78	20	161	1
0.523	1	8	53	4	83	20	161	1
0.524	1	10	53	5	31	20	161	0
0.524	1	1	53	5	39	20	161	0
0.524	1	13	53	5	87	20	161	1
0.524	1	2	53	5	90	20	161	1
0.525	1	4	53	6	44	20	161	0
0.525	1	7	53	6	52	20	161	0
0.525	1	15	53	6	92	20	161	1
0.525	1	11	53	6	1	20	161	1
0.526	1	12	53	7	59	20	161	0
0.526	1	9	53	7	65	20	161	0
0.526	1	3	53	7	10	20	161	1
0.526	1	6	53	7	20	20	161	1
0.527	1	14	53	8	72	20	161	0
0.527	1	5	53	8	78	20	161	0
0.527	1	10	53	8	31	20	161	1
0.527	1	1	53	8	39	20	161	1
0.528	1	8	53	9	83	20	161	0
0.528	1	13	53	9	87	20	161	0
0.528	1	4	53	9	44	20	161	1
0.528	1	7	53	9	52	20	161	1
0.529	1	2	53	10	90	20	161	0
0.529	1	15	53	10	92	20	161	0
0.529	1	12	53	10	59	20	161	1
0.529	1	9	53	10	65	20	161	1
0.53	1	11	54	1	1	20	161	0
0.53	1	3	54	1	10	20	161	0
0.53	1	14	54	1	72	20	161	1
0.53	1	5	54	1	78	20	161	1
0.531	1	6	54	2	20	20	161	0
0.531	1	10	54	2	31	20	161	0
0.531	1	8	54	2	83	20	161	1
0.531	1	13	54	2	87	20	161	1
0.532	1	1	54	3	39	20	161	0
0.532	1	4	54	3	44	20	161	0
0.532	1	2	54	3	90	20	161	1
0.532	1	15	54	3	92	20	161	1
0.533	1	7	54	4	52	20	161	0
0.533	1	12	54	4	59	20	161	0
0.533	1	11	54	4	1	20	161	1
0.533	1	3	54	4	10	20	161	1
0.534	1	9	54	5	65	20	161	0
0.534	1	14	54	5	72	20	161	0
0.534	1	6	54	5	20	20	161	1
0.534	1	10	54	5	31	20	161	1
0.535	1	5	54	6	78	20	161	0
0.535	1	8	54	6	83	20	161	0
0.535	1	1	54	6	39	20	161	1
0.535	1	4	54	6	44	20	161	1
0.536	1	13	54	7	87	20	161	0
0.536	1	2	54	7	90	20	161	0
0.536	1	7	54	7	52	20	161	1
0.536	1	12	54	7	59	20	161	1
0.537	1	15	54	8	92	20	161	0
0.537	1	11	54	8	1	20	161	0
0.537	1	9	54	8	65	20	161	1
0.537	1	14	54	8	72	20	161	1
0.538	1	3	54	9	10	20	161	0
0.538	1	6	54	9	20	20	161	0
0.538	1	5	54	9	78	20	161	1
0.538	1	8	54	9	83	20	161	1
0.539	1	10	54	10	31	20	161	0
0.539	1	1	54	10	39	20	161	0
0.539	1	13	54	10	87	20	161	1
0.539	1	2	54	10	90	20	161	1
0.54	1	4	55	1	44	20	161	0
0.54	1	7	55	1	52	20	161	0
0.54	1	15	55	1	92	20	161	1
0.54	1	11	55	1	1	20	161	1
0.541	1	12	55	2	59	20	161	0
0.541	1	9	55	2	65	20	161	0
0.541	1	3	55	2	10	20	161	1
0.541	1	6	55	2	20	20	161	1
0.542	1	14	55	3	72	20	161	0
0.542	1	5	55	3	78	20	161	0
0.542	1	10	55	3	31	20	161	1
0.542	1	1	55	3	39	20	161	1
0.543	1	8	55	4	83	20	161	0
0.543	1	13	55	4	87	20	161	0
0.543	1	4	55	4	44	20	161	1
0.543	1	7	55	4	52	20	161	1
0.544	1	2	55	5	90	20	161	0
0.544	1	15	55	5	92	20	161	0
0.544	1	12	55	5	59	20	161	1
0.544	1	9	55	5	65	20	161	1
0.545	1	11	55	6	1	20	161	0
0.545	1	3	55	6	10	20	161	0
0.545	1	14	55	6	72	20	161	1
0.545	1	5	55	6	78	20	161	1
0.546	1	6	55	7	20	20	161	0
0.546	1	10	55	7	31	20	161	0
0.546	1	8	55	7	83	20	161	1
0.546	1	13	55	7	87	20	161	1
0.547	1	1	55	8	39	20	161	0
0.547	1	4	55	8	44	20	161	0
0.547	1	2	55	8	90	20	161	1
0.547	1	15	55	8	92	20	161	1
0.548	1	7	55	9	52	20	161	0
0.548	1	12	55	9	59	20	161	0
0.548	1	11	55	9	1	20	161	1
0.548	1	3	55	9	10	20	161	1
0.549	1	9	55	10	65	20	161	0
0.549	1	14	55	10	72	20	161	0
0.549	1	6	55	10	20	20	161	1
0.549	1	10	55	10	31	20	161	1
0.55	1	5	56	1	78	20	161	0
0.55	1	8	56	1	83	20	161	0
0.55	1	1	56	1	39	20	161	1
0.55	1	4	56	1	44	20	161	1
0.551	1	13	56	2	87	20	161	0
0.551	1	2	56	2	90	20	161	0
0.551	1	7	56	2	52	20	161	1
0.551	1	12	56	2	59	20	161	1
0.552	1	15	56	3	92	20	161	0
0.552	1	11	56	3	1	20	161	0
0.552	1	9	56	3	65	20	161	1
0.552	1	14	56	3	72	20	161	1
0.553	1	3	56	4	10	20	161	0
0.553	1	6	56	4	20	20	161	0
0.553	1	5	56	4	78	20	161	1
0.553	1	8	56	4	83	20	161	1
0.554	1	10	56	5	31	20	161	0
0.554	1	1	56	5	39	20	161	0
0.554	1	13	56	5	87	20	161	1
0.554	1	2	56	5	90	20	161	1
0.555	1	4	56	6	44	20	161	0
0.555	1	7	56	6	52	20	161	0
0.555	1	15	56	6	92	20	161	1
0.555	1	11	56	6	1	20	161	1
0.556	1	12	56	7	59	20	161	0
0.556	1	9	56	7	65	20	161	0
0.556	1	3	56	7	10	20	161	1
0.556	1	6	56	7	20	20	161	1
0.557	1	14	56	8	72	20	161	0
0.557	1	5	56	8	78	20	161	0
0.557	1	10	56	8	31	20	161	1
0.557	1	1	56	8	39	20	161	1
0.558	1	8	56	9	83	20	161	0
0.558	1	13	56	9	87	20	161	0
0.558	1	4	56	9	44	20	161	1
0.558	1	7	56	9	52	20	161	1
0.559	1	2	56	10	90	20	161	0
0.559	1	15	56	10	92	20	161	0
0.559	1	12	56	10	59	20	161	1
0.559	1	9	56	10	65	20	161	1
0.56	1	11	57	1	1	20	161	0
0.56	1	3	57	1	10	20	161	0
0.56	1	14	57	1	72	20	161	1
0.56	1	5	57	1	78	20	161	1
0.561	1	6	57	2	20	20	161	0
0.561	1	10	57	2	31	20	161	0
0.561	1	8	57	2	83	20	161	1
0.561	1	13	57	2	87	20	161	1
0.562	1	1	57	3	39	20	161	0
0.562	1	4	57	3	44	20	161	0
0.562	1	2	57	3	90	20	161	1
0.562	1	15	57	3	92	20	161	1
0.563	1	7	57	4	52	20	161	0
0.563	1	12	57	4	59	20	161	0
0.563	1	11	57	4	1	20	161	1
0.563	1	3	57	4	10	20	161	1
0.564	1	9	57	5	65	20	161	0
0.564	1	14	57	5	72	20	161	0
0.564	1	6	57	5	20	20	161	1
0.564	1	10	57	5	31	20	161	1
0.565	1	5	57	6	78	20	161	0
0.565	1	8	57	6	83	20	161	0
0.565	1	1	57	6	39	20	161	1
0.565	1	4	57	6	44	20	161	1
0.566	1	13	57	7	87	20	161	0
0.566	1	2	57	7	90	20	161	0
0.566	1	7	57	7	52	20	161	1
0.566	1	12	57	7	59	20	161	1
0.567	1	15	57	8	92	20	161	0
0.567	1	11	57	8	1	20	161	0
0.567	1	9	57	8	65	20	161	1
0.567	1	14	57	8	72	20	161	1
0.568	1	3	57	9	10	20	161	0
0.568	1	6	57	9	20	20	161	0
0.568	1	5	57	9	78	20	161	1
0.568	1	8	57	9	83	20	161	1
0.569	1	10	57	10	31	20	161	0
0.569	1	1	57	10	39	20	161	0
0.569	1	13	57	10	87	20	161	1
0.569	1	2	57	10	90	20	161	1
0.57	1	4	58	1	44	20	161	0
0.57	1	7	58	1	52	20	161	0
0.57	1	15	58	1	92	20	161	1
0.57	1	11	58	1	1	20	161	1
0.571	1	12	58	2	59	20	161	0
0.571	1	9	58	2	65	20	161	0
0.571	1	3	58	2	10	20	161	1
0.571	1	6	58	2	20	20	161	1
0.572	1	14	58	3	72	20	161	0
0.572	1	5	58	3	78	20	161	0
0.572	1	10	58	3	31	20	161	1
0.572	1	1	58	3	39	20	161	1
0.573	1	8	58	4	83	20	161	0
0.573	1	13	58	4	87	20	161	0
0.573	1	4	58	4	44	20	161	1
0.573	1	7	58	4	52	20	161	1
0.574	1	2	58	5	90	20	161	0
0.574	1	15	58	5	92	20	161	0
0.574	1	12	58	5	59	20	161	1
0.574	1	9	58	5	65	20	161	1
0.575	1	11	58	6	1	20	161	0
0.575	1	3	58	6	10	20	161	0
0.575	1	14	58	6	72	20	161	1
0.575	1	5	58	6	78	20	161	1
0.576	1	6	58	7	20	20	161	0
0.576	1	10	58	7	31	20	161	0
0.576	1	8	58	7	83	20	161	1
0.576	1	13	58	7	87	20	161	1
0.577	1	1	58	8	39	20	161	0
0.577	1	4	58	8	44	20	161	0
0.577	1	2	58	8	90	20	161	1
0.577	1	15	58	8	92	20	161	1
0.578	1	7	58	9	52	20	161	0
0.578	1	12	58	9	59	20	161	0
0.578	1	11	58	9	1	20	161	1
0.578	1	3	58	9	10	20	161	1
0.579	1	9	58	10	65	20	161	0
0.579	1	14	58	10	72	20	161	0
0.579	1	6	58	10	20	20	161	1
0.579	1	10	58	10	31	20	161	1
0.58	1	5	59	1	78	20	161	0
0.58	1	8	59	1	83	20	161	0
0.58	1	1	59	1	39	20	161	1
0.58	1	4	59	1	44	20	161	1
0.581	1	13	59	2	87	20	161	0
0.581	1	2	59	2	90	20	161	0
0.581	1	7	59	2	52	20	161	1
0.581	1	12	59	2	59	20	161	1
0.582	1	15	59	3	92	20	161	0
0.582	1	11	59	3	1	20	161	0
0.582	1	9	59	3	65	20	161	1
0.582	1	14	59	3	72	20	161	1
0.583	1	3	59	4	10	20	161	0
0.583	1	6	59	4	20	20	161	0
0.583	1	5	59	4	78	20	161	1
0.583	1	8	59	4	83	20	161	1
0.584	1	10	59	5	31	20	161	0
0.584	1	1	59	5	39	20	161	0
0.584	1	13	59	5	87	20	161	1
0.584	1	2	59	5	90	20	161	1
0.585	1	4	59	6	44	20	161	0
0.585	1	7	59	6	52	20	161	0
0.585	1	15	59	6	92	20	161	1
0.585	1	11	59	6	1	20	161	1
0.586	1	12	59	7	59	20	161	0
0.586	1	9	59	7	65	20	161	0
0.586	1	3	59	7	10	20	161	1
0.586	1	6	59	7	20	20	161	1
0.587	1	14	59	8	72	20	161	0
0.587	1	5	59	8	78	20	161	0
0.587	1	10	59	8	31	20	161	1
0.587	1	1	59	8	39	20	161	1
0.588	1	8	59	9	83	20	161	0
0.588	1	13	59	9	87	20	161	0
0.588	1	4	59	9	44	20	161	1
0.588	1	7	59	9	52	20	161	1
0.589	1	2	59	10	90	20	161	0
0.589	1	15	59	10	92	20	161	0
0.589	1	12	59	10	59	20	161	1
0.589	1	9	59	10	65	20	161	1
0.59	1	11	60	1	1	20	161	0
0.59	1	3	60	1	10	20	161	0
0.59	1	14	60	1	72	20	161	1
0.59	1	5	60	1	78	20	161	1
0.591	1	6	60	2	20	20	161	0
0.591	1	10	60	2	31	20	161	0
0.591	1	8	60	2	83	20	161	1
0.591	1	13	60	2	87	20	161	1
0.592	1	1	60	3	39	20	161	0
0.592	1	4	60	3	44	20	161	0
0.592	1	2	60	3	90	20	161	1
0.592	1	15	60	3	92	20	161	1
0.593	1	7	60	4	52	20	161	0
0.593	1	12	60	4	59	20	161	0
0.593	1	11	60	4	1	20	161	1
0.593	1	3	60	4	10	20	161	1
0.594	1	9	60	5	65	20	161	0
0.594	1	14	60	5	72	20	161	0
0.594	1	6	60	5	20	20	161	1
0.594	1	10	60	5	31	20	161	1
0.595	1	5	60	6	78	20	161	0
0.595	1	8	60	6	83	20	161	0
0.595	1	1	60	6	39	20	161	1
0.595	1	4	60	6	44	20	161	1
0.596	1	13	60	7	87	20	161	0
0.596	1	2	60	7	90	20	161	0
0.596	1	7	60	7	52	20	161	1
0.596	1	12	60	7	59	20	161	1
0.597	1	15	60	8	92	20	161	0
0.597	1	11	60	8	1	20	161	0
0.597	1	9	60	8	65	20	161	1
0.597	1	14	60	8	72	20	161	1
0.598	1	3	60	9	10	20	161	0
0.598	1	6	60	9	20	20	161	0
0.598	1	5	60	9	78	20	161	1
0.598	1	8	60	9	83	20	161	1
0.599	1	10	60	10	31	20	161	0
0.599	1	1	60	10	39	20	161	0
0.599	1	13	60	10	87	20	161	1
0.599	1	2	60	10	90	20	161	1
0.6	1	4	61	1	44	20	161	0
0.6	1	7	61	1	52	20	161	0
0.6	1	15	61	1	92	20	161	1
0.6	1	11	61	1	1	20	161	1
0.601	1	12	61	2	59	20	161	0
0.601	1	9	61	2	65	20	161	0
0.601	1	3	61	2	10	20	161	1
0.601	1	6	61	2	20	20	161	1
0.602	1	14	61	3	72	20	161	0
0.602	1	5	61	3	78	20	161	0
0.602	1	10	61	3	31	20	161	1
0.602	1	1	61	3	39	20	161	1
0.603	1	8	61	4	83	20	161	0
0.603	1	13	61	4	87	20	161	0
0.603	1	4	61	4	44	20	161	1
0.603	1	7	61	4	52	20	161	1
0.604	1	2	61	5	90	20	161	0
0.604	1	15	61	5	92	20	161	0
0.604	1	12	61	5	59	20	161	1
0.604	1	9	61	5	65	20	161	1
0.605	1	11	61	6	1	20	161	0
0.605	1	3	61	6	10	20	161	0
0.605	1	14	61	6	72	20	161	1
0.605	1	5	61	6	78	20	161	1
0.606	1	6	61	7	20	20	161	0
0.606	1	10	61	7	31	20	161	0
0.606	1	8	61	7	83	20	161	1
0.606	1	13	61	7	87	20	161	1
0.607	1	1	61	8	39	20	161	0
0.607	1	4	61	8	44	20	161	0
0.607	1	2	61	8	90	20	161	1
0.607	1	15	61	8	92	20	161	1
0.608	1	7	61	9	52	20	161	0
0.608	1	12	61	9	59	20	161	0
0.608	1	11	61	9	1	20	161	1
0.608	1	3	61	9	10	20	161	1
0.609	1	9	61	10	65	20	161	0
0.609	1	14	61	10	72	20	161	0
0.609	1	6	61	10	20	20	161	1
0.609	1	10	61	10	31	20	161	1
0.61	1	5	62	1	78	20	161	0
0.61	1	8	62	1	83	20	161	0
0.61	1	1	62	1	39	20	161	1
0.61	1	4	62	1	44	20	161	1
0.611	1	13	62	2	87	20	161	0
0.611	1	2	62	2	90	20	161	0
0.611	1	7	62	2	52	20	161	1
0.611	1	12	62	2	59	20	161	1
0.612	1	15	62	3	92	20	161	0
0.612	1	11	62	3	1	20	161	0
0.612	1	9	62	3	65	20	161	1
0.612	1	14	62	3	72	20	161	1
0.613	1	3	62	4	10	20	161	0
0.613	1	6	62	4	20	20	161	0
0.613	1	5	62	4	78	20	161	1
0.613	1	8	62	4	83	20	161	1
0.614	1	10	62	5	31	20	161	0
0.614	1	1	62	5	39	20	161	0
0.614	1	13	62	5	87	20	161	1
0.614	1	2	62	5	90	20	161	1
0.615	1	4	62	6	44	20	161	0
0.615	1	7	62	6	52	20	161	0
0.615	1	15	62	6	92	20	161	1
0.615	1	11	62	6	1	20	161	1
0.616	1	12	62	7	59	20	161	0
0.616	1	9	62	7	65	20	161	0
0.616	1	3	62	7	10	20	161	1
0.616	1	6	62	7	20	20	161	1
0.617	1	14	62	8	72	20	161	0
0.617	1	5	62	8	78	20	161	0
0.617	1	10	62	8	31	20	161	1
0.617	1	1	62	8	39	20	161	1
0.618	1	8	62	9	83	20	161	0
0.618	1	13	62	9	87	20	161	0
0.618	1	4	62	9	44	20	161	1
0.618	1	7	62	9	52	20	161	1
0.619	1	2	62	10	90	20	161	0
0.619	1	15	62	10	92	20	161	0
0.619	1	12	62	10	59	20	161	1
0.619	1	9	62	10	65	20	161	1
0.62	1	11	63	1	1	20	161	0
0.62	1	3	63	1	10	20	161	0
0.62	1	14	63	1	72	20	161	1
0.62	1	5	63	1	78	20	161	1
0.621	1	6	63	2	20	20	161	0
0.621	1	10	63	2	31	20	161	0
0.621	1	8	63	2	83	20	161	1
0.621	1	13	63	2	87	20	161	1
0.622	1	1	63	3	39	20	161	0
0.622	1	4	63	3	44	20	161	0
0.622	1	2	63	3	90	20	161	1
0.622	1	15	63	3	92	20	161	1
0.623	1	7	63	4	52	20	161	0
0.623	1	12	63	4	59	20	161	0
0.623	1	11	63	4	1	20	161	1
0.623	1	3	63	4	10	20	161	1
0.624	1	9	63	5	65	20	161	0
0.624	1	14	63	5	72	20	161	0
0.624	1	6	63	5	20	20	161	1
0.624	1	10	63	5	31	20	161	1
0.625	1	5	63	6	78	20	161	0
0.625	1	8	63	6	83	20	161	0
0.625	1	1	63	6	39	20	161	1
0.625	1	4	63	6	44	20	161	1
0.626	1	13	63	7	87	20	161	0
0.626	1	2	63	7	90	20	161	0
0.626	1	7	63	7	52	20	161	1
0.626	1	12	63	7	59	20	161	1
0.627	1	15	63	8	92	20	161	0
0.627	1	11	63	8	1	20	161	0
0.627	1	9	63	8	65	20	161	1
0.627	1	14	63	8	72	20	161	1
0.628	1	3	63	9	10	20	161	0
0.628	1	6	63	9	20	20	161	0
0.628	1	5	63	9	78	20	161	1
0.628	1	8	63	9	83	20	161	1
0.629	1	10	63	10	31	20	161	0
0.629	1	1	63	10	39	20	161	0
0.629	1	13	63	10	87	20	161	1
0.629	1	2	63	10	90	20	161	1
0.63	1	4	64	1	44	20	161	0
0.63	1	7	64	1	52	20	161	0
0.63	1	15	64	1	92	20	161	1
0.63	1	11	64	1	1	20	161	1
0.631	1	12	64	2	59	20	161	0
0.631	1	9	64	2	65	20	161	0
0.631	1	3	64	2	10	20	161	1
0.631	1	6	64	2	20	20	161	1
0.632	1	14	64	3	72	20	161	0
0.632	1	5	64	3	78	20	161	0
0.632	1	10	64	3	31	20	161	1
0.632	1	1	64	3	39	20	161	1
0.633	1	8	64	4	83	20	161	0
0.633	1	13	64	4	87	20	161	0
0.633	1	4	64	4	44	20	161	1
0.633	1	7	64	4	52	20	161	1
0.634	1	2	64	5	90	20	161	0
0.634	1	15	64	5	92	20	161	0
0.634	1	12	64	5	59	20	161	1
0.634	1	9	64	5	65	20	161	1
0.635	1	11	64	6	1	20	161	0
0.635	1	3	64	6	10	20	161	0
0.635	1	14	64	6	72	20	161	1
0.635	1	5	64	6	78	20	161	1
0.636	1	6	64	7	20	20	161	0
0.636	1	10	64	7	31	20	161	0
0.636	1	8	64	7	83	20	161	1
0.636	1	13	64	7	87	20	161	1
0.637	1	1	64	8	39	20	161	0
0.637	1	4	64	8	44	20	161	0
0.637	1	2	64	8	90	20	161	1
0.637	1	15	64	8	92	20	161	1
0.638	1	7	64	9	52	20	161	0
0.638	1	12	64	9	59	20	161	0
0.638	1	11	64	9	1	20	161	1
0.638	1	3	64	9	10	20	161	1
0.639	1	9	64	10	65	20	161	0
0.639	1	14	64	10	72	20	161	0
0.639	1	6	64	10	20	20	161	1
0.639	1	10	64	10	31	20	161	1
0.64	1	5	65	1	78	20	161	0
0.64	1	8	65	1	83	20	161	0
0.64	1	1	65	1	39	20	161	1
0.64	1	4	65	1	44	20	161	1
0.641	1	13	65	2	87	20	161	0
0.641	1	2	65	2	90	20	161	0
0.641	1	7	65	2	52	20	161	1
0.641	1	12	65	2	59	20	161	1
0.642	1	15	65	3	92	20	161	0
0.642	1	11	65	3	1	20	161	0
0.642	1	9	65	3	65	20	161	1
0.642	1	14	65	3	72	20	161	1
0.643	1	3	65	4	10	20	161	0
0.643	1	6	65	4	20	20	161	0
0.643	1	5	65	4	78	20	161	1
0.643	1	8	65	4	83	20	161	1
0.644	1	10	65	5	31	20	161	0
0.644	1	1	65	5	39	20	161	0
0.644	1	13	65	5	87	20	161	1
0.644	1	2	65	5	90	20	161	1
0.645	1	4	65	6	44	20	161	0
0.645	1	7	65	6	52	20	161	0
0.645	1	15	65	6	92	20	161	1
0.645	1	11	65	6	1	20	161	1
0.646	1	12	65	7	59	20	161	0
0.646	1	9	65	7	65	20	161	0
0.646	1	3	65	7	10	20	161	1
0.646	1	6	65	7	20	20	161	1
0.647	1	14	65	8	72	20	161	0
0.647	1	5	65	8	78	20	161	0
0.647	1	10	65	8	31	20	161	1
0.647	1	1	65	8	39	20	161	1
0.648	1	8	65	9	83	20	161	0
0.648	1	13	65	9	87	20	161	0
0.648	1	4	65	9	44	20	161	1
0.648	1	7	65	9	52	20	161	1
0.649	1	2	65	10	90	20	161	0
0.649	1	15	65	10	92	20	161	0
0.649	1	12	65	10	59	20	161	1
0.649	1	9	65	10	65	20	161	1
0.65	1	11	66	1	1	20	161	0
0.65	1	3	66	1	10	20	161	0
0.65	1	14	66	1	72	20	161	1
0.65	1	5	66	1	78	20	161	1
0.651	1	6	66	2	20	20	161	0
0.651	1	10	66	2	31	20	161	0
0.651	1	8	66	2	83	20	161	1
0.651	1	13	66	2	87	20	161	1
0.652	1	1	66	3	39	20	161	0
0.652	1	4	66	3	44	20	161	0
0.652	1	2	66	3	90	20	161	1
0.652	1	15	66	3	92	20	161	1
0.653	1	7	66	4	52	20	161	0
0.653	1	12	66	4	59	20	161	0
0.653	1	11	66	4	1	20	161	1
0.653	1	3	66	4	10	20	161	1
0.654	1	9	66	5	65	20	161	0
0.654	1	14	66	5	72	20	161	0
0.654	1	6	66	5	20	20	161	1
0.654	1	10	66	5	31	20	161	1
0.655	1	5	66	6	78	20	161	0
0.655	1	8	66	6	83	20	161	0
0.655	1	1	66	6	39	20	161	1
0.655	1	4	66	6	44	20	161	1
0.656	1	13	66	7	87	20	161	0
0.656	1	2	66	7	90	20	161	0
0.656	1	7	66	7	52	20	161	1
0.656	1	12	66	7	59	20	161	1
0.657	1	15	66	8	92	20	161	0
0.657	1	11	66	8	1	20	161	0
0.657	1	9	66	8	65	20	161	1
0.657	1	14	66	8	72	20	161	1
0.658	1	3	66	9	10	20	161	0
0.658	1	6	66	9	20	20	161	0
0.658	1	5	66	9	78	20	161	1
0.658	1	8	66	9	83	20	161	1
0.659	1	10	66	10	31	20	161	0
0.659	1	1	66	10	39	20	161	0
0.659	1	13	66	10	87	20	161	1
0.659	1	2	66	10	90	20	161	1
0.66	1	4	67	1	44	20	161	0
0.66	1	7	67	1	52	20	161	0
0.66	1	15	67	1	92	20	161	1
0.66	1	11	67	1	1	20	161	1
0.661	1	12	67	2	59	20	161	0
0.661	1	9	67	2	65	20	161	0
0.661	1	3	67	2	10	20	161	1
0.661	1	6	67	2	20	20	161	1
0.662	1	14	67	3	72	20	161	0
0.662	1	5	67	3	78	20	161	0
0.662	1	10	67	3	31	20	161	1
0.662	1	1	67	3	39	20	161	1
0.663	1	8	67	4	83	20	161	0
0.663	1	13	67	4	87	20	161	0
0.663	1	4	67	4	44	20	161	1
0.663	1	7	67	4	52	20	161	1
0.664	1	2	67	5	90	20	161	0
0.664	1	15	67	5	92	20	161	0
0.664	1	12	67	5	59	20	161	1
0.664	1	9	67	5	65	20	161	1
0.665	1	11	67	6	1	20	161	0
0.665	1	3	67	6	10	20	161	0
0.665	1	14	67	6	72	20	161	1
0.665	1	5	67	6	78	20	161	1
0.666	1	6	67	7	20	20	161	0
0.666	1	10	67	7	31	20	161	0
0.666	1	8	67	7	83	20	161	1
0.666	1	13	67	7	87	20	161	1
0.667	1	1	67	8	39	20	161	0
0.667	1	4	67	8	44	20	161	0
0.667	1	2	67	8	90	20	161	1
0.667	1	15	67	8	92	20	161	1
0.668	1	7	67	9	52	20	161	0
0.668	1	12	67	9	59	20	161	0
0.668	1	11	67	9	1	20	161	1
0.668	1	3	67	9	10	20	161	1
0.669	1	9	67	10	65	20	161	0
0.669	1	14	67	10	72	20	161	0
0.669	1	6	67	10	20	20	161	1
0.669	1	10	67	10	31	20	161	1
0.67	1	5	68	1	78	20	161	0
0.67	1	8	68	1	83	20	161	0
0.67	1	1	68	1	39	20	161	1
0.67	1	4	68	1	44	20	161	1
0.671	1	13	68	2	87	20	161	0
0.671	1	2	68	2	90	20	161	0
0.671	1	7	68	2	52	20	161	1
0.671	1	12	68	2	59	20	161	1
0.672	1	15	68	3	92	20	161	0
0.672	1	11	68	3	1	20	161	0
0.672	1	9	68	3	65	20	161	1
0.672	1	14	68	3	72	20	161	1
0.673	1	3	68	4	10	20	161	0
0.673	1	6	68	4	20	20	161	0
0.673	1	5	68	4	78	20	161	1
0.673	1	8	68	4	83	20	161	1
0.674	1	10	68	5	31	20	161	0
0.674	1	1	68	5	39	20	161	0
0.674	1	13	68	5	87	20	161	1
0.674	1	2	68	5	90	20	161	1
0.675	1	4	68	6	44	20	161	0
0.675	1	7	68	6	52	20	161	0
0.675	1	15	68	6	92	20	161	1
0.675	1	11	68	6	1	20	161	1
0.676	1	12	68	7	59	20	161	0
0.676	1	9	68	7	65	20	161	0
0.676	1	3	68	7	10	20	161	1
0.676	1	6	68	7	20	20	161	1
0.677	1	14	68	8	72	20	161	0
0.677	1	5	68	8	78	20	161	0
0.677	1	10	68	8	31	20	161	1
0.677	1	1	68	8	39	20	161	1
0.678	1	8	68	9	83	20	161	0
0.678	1	13	68	9	87	20	161	0
0.678	1	4	68	9	44	20	161	1
0.678	1	7	68	9	52	20	161	1
0.679	1	2	68	10	90	20	161	0
0.679	1	15	68	10	92	20	161	0
0.679	1	12	68	10	59	20	161	1
0.679	1	9	68	10	65	20	161	1
0.68	1	11	69	1	1	20	161	0
0.68	1	3	69	1	10	20	161	0
0.68	1	14	69	1	72	20	161	1
0.68	1	5	69	1	78	20	161	1
0.681	1	6	69	2	20	20	161	0
0.681	1	10	69	2	31	20	161	0
0.681	1	8	69	2	83	20	161	1
0.681	1	13	69	2	87	20	161	1
0.682	1	1	69	3	39	20	161	0
0.682	1	4	69	3	44	20	161	0
0.682	1	2	69	3	90	20	161	1
0.682	1	15	69	3	92	20	161	1
0.683	1	7	69	4	52	20	161	0
0.683	1	12	69	4	59	20	161	0
0.683	1	11	69	4	1	20	161	1
0.683	1	3	69	4	10	20	161	1
0.684	1	9	69	5	65	20	161	0
0.684	1	14	69	5	72	20	161	0
0.684	1	6	69	5	20	20	161	1
0.684	1	10	69	5	31	20	161	1
0.685	1	5	69	6	78	20	161	0
0.685	1	8	69	6	83	20	161	0
0.685	1	1	69	6	39	20	161	1
0.685	1	4	69	6	44	20	161	1
0.686	1	13	69	7	87	20	161	0
0.686	1	2	69	7	90	20	161	0
0.686	1	7	69	7	52	20	161	1
0.686	1	12	69	7	59	20	161	1
0.687	1	15	69	8	92	20	161	0
0.687	1	11	69	8	1	20	161	0
0.687	1	9	69	8	65	20	161	1
0.687	1	14	69	8	72	20	161	1
0.688	1	3	69	9	10	20	161	0
0.688	1	6	69	9	20	20	161	0
0.688	1	5	69	9	78	20	161	1
0.688	1	8	69	9	83	20	161	1
0.689	1	10	69	10	31	20	161	0
0.689	1	1	69	10	39	20	161	0
0.689	1	13	69	10	87	20	161	1
0.689	1	2	69	10	90	20	161	1
0.69	1	4	70	1	44	20	161	0
0.69	1	7	70	1	52	20	161	0
0.69	1	15	70	1	92	20	161	1
0.69	1	11	70	1	1	20	161	1
0.691	1	12	70	2	59	20	161	0
0.691	1	9	70	2	65	20	161	0
0.691	1	3	70	2	10	20	161	1
0.691	1	6	70	2	20	20	161	1
0.692	1	14	70	3	72	20	161	0
0.692	1	5	70	3	78	20	161	0
0.692	1	10	70	3	31	20	161	1
0.692	1	1	70	3	39	20	161	1
0.693	1	8	70	4	83	20	161	0
0.693	1	13	70	4	87	20	161	0
0.693	1	4	70	4	44	20	161	1
0.693	1	7	70	4	52	20	161	1
0.694	1	2	70	5	90	20	161	0
0.694	1	15	70	5	92	20	161	0
0.694	1	12	70	5	59	20	161	1
0.694	1	9	70	5	65	20	161	1
0.695	1	11	70	6	1	20	161	0
0.695	1	3	70	6	10	20	161	0
0.695	1	14	70	6	72	20	161	1
0.695	1	5	70	6	78	20	161	1
0.696	1	6	70	7	20	20	161	0
0.696	1	10	70	7	31	20	161	0
0.696	1	8	70	7	83	20	161	1
0.696	1	13	70	7	87	20	161	1
0.697	1	1	70	8	39	20	161	0
0.697	1	4	70	8	44	20	161	0
0.697	1	2	70	8	90	20	161	1
0.697	1	15	70	8	92	20	161	1
0.698	1	7	70	9	52	20	161	0
0.698	1	12	70	9	59	20	161	0
0.698	1	11	70	9	1	20	161	1
0.698	1	3	70	9	10	20	161	1
0.699	1	9	70	10	65	20	161	0
0.699	1	14	70	10	72	20	161	0
0.699	1	6	70	10	20	20	161	1
0.699	1	10	70	10	31	20	161	1
0.7	1	5	71	1	78	20	161	0
0.7	1	8	71	1	83	20	161	0
0.7	1	1	71	1	39	20	161	1
0.7	1	4	71	1	44	20	161	1
0.701	1	13	71	2	87	20	161	0
0.701	1	2	71	2	90	20	161	0
0.701	1	7	71	2	52	20	161	1
0.701	1	12	71	2	59	20	161	1
0.702	1	15	71	3	92	20	161	0
0.702	1	11	71	3	1	20	161	0
0.702	1	9	71	3	65	20	161	1
0.702	1	14	71	3	72	20	161	1
0.703	1	3	71	4	10	20	161	0
0.703	1	6	71	4	20	20	161	0
0.703	1	5	71	4	78	20	161	1
0.703	1	8	71	4	83	20	161	1
0.704	1	10	71	5	31	20	161	0
0.704	1	1	71	5	39	20	161	0
0.704	1	13	71	5	87	20	161	1
0.704	1	2	71	5	90	20	161	1
0.705	1	4	71	6	44	20	161	0
0.705	1	7	71	6	52	20	161	0
0.705	1	15	71	6	92	20	161	1
0.705	1	11	71	6	1	20	161	1
0.706	1	12	71	7	59	20	161	0
0.706	1	9	71	7	65	20	161	0
0.706	1	3	71	7	10	20	161	1
0.706	1	6	71	7	20	20	161	1
0.707	1	14	71	8	72	20	161	0
0.707	1	5	71	8	78	20	161	0
0.707	1	10	71	8	31	20	161	1
0.707	1	1	71	8	39	20	161	1
0.708	1	8	71	9	83	20	161	0
0.708	1	13	71	9	87	20	161	0
0.708	1	4	71	9	44	20	161	1
0.708	1	7	71	9	52	20	161	1
0.709	1	2	71	10	90	20	161	0
0.709	1	15	71	10	92	20	161	0
0.709	1	12	71	10	59	20	161	1
0.709	1	9	71	10	65	20	161	1
0.71	1	11	72	1	1	20	161	0
0.71	1	3	72	1	10	20	161	0
0.71	1	14	72	1	72	20	161	1
0.71	1	5	72	1	78	20	161	1
0.711	1	6	72	2	20	20	161	0
0.711	1	10	72	2	31	20	161	0
0.711	1	8	72	2	83	20	161	1
0.711	1	13	72	2	87	20	161	1
0.712	1	1	72	3	39	20	161	0
0.712	1	4	72	3	44	20	161	0
0.712	1	2	72	3	90	20	161	1
0.712	1	15	72	3	92	20	161	1
0.713	1	7	72	4	52	20	161	0
0.713	1	12	72	4	59	20	161	0
0.713	1	11	72	4	1	20	161	1
0.713	1	3	72	4	10	20	161	1
0.714	1	9	72	5	65	20	161	0
0.714	1	14	72	5	72	20	161	0
0.714	1	6	72	5	20	20	161	1
0.714	1	10	72	5	31	20	161	1
0.715	1	5	72	6	78	20	161	0
0.715	1	8	72	6	83	20	161	0
0.715	1	1	72	6	39	20	161	1
0.715	1	4	72	6	44	20	161	1
0.716	1	13	72	7	87	20	161	0
0.716	1	2	72	7	90	20	161	0
0.716	1	7	72	7	52	20	161	1
0.716	1	12	72	7	59	20	161	1
0.717	1	15	72	8	92	20	161	0
0.717	1	11	72	8	1	20	161	0
0.717	1	9	72	8	65	20	161	1
0.717	1	14	72	8	72	20	161	1
0.718	1	3	72	9	10	20	161	0
0.718	1	6	72	9	20	20	161	0
0.718	1	5	72	9	78	20	161	1
0.718	1	8	72	9	83	20	161	1
0.719	1	10	72	10	31	20	161	0
0.719	1	1	72	10	39	20	161	0
0.719	1	13	72	10	87	20	161	1
0.719	1	2	72	10	90	20	161	1
0.72	1	4	73	1	44	20	161	0
0.72	1	7	73	1	52	20	161	0
0.72	1	15	73	1	92	20	161	1
0.72	1	11	73	1	1	20	161	1
0.721	1	12	73	2	59	20	161	0
0.721	1	9	73	2	65	20	161	0
0.721	1	3	73	2	10	20	161	1
0.721	1	6	73	2	20	20	161	1
0.722	1	14	73	3	72	20	161	0
0.722	1	5	73	3	78	20	161	0
0.722	1	10	73	3	31	20	161	1
0.722	1	1	73	3	39	20	161	1
0.723	1	8	73	4	83	20	161	0
0.723	1	13	73	4	87	20	161	0
0.723	1	4	73	4	44	20	161	1
0.723	1	7	73	4	52	20	161	1
0.724	1	2	73	5	90	20	161	0
0.724	1	15	73	5	92	20	161	0
0.724	1	12	73	5	59	20	161	1
0.724	1	9	73	5	65	20	161	1
0.725	1	11	73	6	1	20	161	0
0.725	1	3	73	6	10	20	161	0
0.725	1	14	73	6	72	20	161	1
0.725	1	5	73	6	78	20	161	1
0.726	1	6	73	7	20	20	161	0
0.726	1	10	73	7	31	20	161	0
0.726	1	8	73	7	83	20	161	1
0.726	1	13	73	7	87	20	161	1
0.727	1	1	73	8	39	20	161	0
0.727	1	4	73	8	44	20	161	0
0.727	1	2	73	8	90	20	161	1
0.727	1	15	73	8	92	20	161	1
0.728	1	7	73	9	52	20	161	0
0.728	1	12	73	9	59	20	161	0
0.728	1	11	73	9	1	20	161	1
0.728	1	3	73	9	10	20	161	1
0.729	1	9	73	10	65	20	161	0
0.729	1	14	73	10	72	20	161	0
0.729	1	6	73	10	20	20	161	1
0.729	1	10	73	10	31	20	161	1
0.73	1	5	74	1	78	20	161	0
0.73	1	8	74	1	83	20	161	0
0.73	1	1	74	1	39	20	161	1
0.73	1	4	74	1	44	20	161	1
0.731	1	13	74	2	87	20	161	0
0.731	1	2	74	2	90	20	161	0
0.731	1	7	74	2	52	20	161	1
0.731	1	12	74	2	59	20	161	1
0.732	1	15	74	3	92	20	161	0
0.732	1	11	74	3	1	20	161	0
0.732	1	9	74	3	65	20	161	1
0.732	1	14	74	3	72	20	161	1
0.733	1	3	74	4	10	20	161	0
0.733	1	6	74	4	20	20	161	0
0.733	1	5	74	4	78	20	161	1
0.733	1	8	74	4	83	20	161	1
0.734	1	10	74	5	31	20	161	0
0.734	1	1	74	5	39	20	161	0
0.734	1	13	74	5	87	20	161	1
0.734	1	2	74	5	90	20	161	1
0.735	1	4	74	6	44	20	161	0
0.735	1	7	74	6	52	20	161	0
0.735	1	15	74	6	92	20	161	1
0.735	1	11	74	6	1	20	161	1
0.736	1	12	74	7	59	20	161	0
0.736	1	9	74	7	65	20	161	0
0.736	1	3	74	7	10	20	161	1
0.736	1	6	74	7	20	20	161	1
0.737	1	14	74	8	72	20	161	0
0.737	1	5	74	8	78	20	161	0
0.737	1	10	74	8	31	20	161	1
0.737	1	1	74	8	39	20	161	1
0.738	1	8	74	9	83	20	161	0
0.738	1	13	74	9	87	20	161	0
0.738	1	4	74	9	44	20	161	1
0.738	1	7	74	9	52	20	161	1
0.739	1	2	74	10	90	20	161	0
0.739	1	15	74	10	92	20	161	0
0.739	1	12	74	10	59	20	161	1
0.739	1	9	74	10	65	20	161	1
0.74	1	11	75	1	1	20	161	0
0.74	1	3	75	1	10	20	161	0
0.74	1	14	75	1	72	20	161	1
0.74	1	5	75	1	78	20	161	1
0.741	1	6	75	2	20	20	161	0
0.741	1	10	75	2	31	20	161	0
0.741	1	8	75	2	83	20	161	1
0.741	1	13	75	2	87	20	161	1
0.742	1	1	75	3	39	20	161	0
0.742	1	4	75	3	44	20	161	0
0.742	1	2	75	3	90	20	161	1
0.742	1	15	75	3	92	20	161	1
0.743	1	7	75	4	52	20	161	0
0.743	1	12	75	4	59	20	161	0
0.743	1	11	75	4	1	20	161	1
0.743	1	3	75	4	10	20	161	1
0.744	1	9	75	5	65	20	161	0
0.744	1	14	75	5	72	20	161	0
0.744	1	6	75	5	20	20	161	1
0.744	1	10	75	5	31	20	161	1
0.745	1	5	75	6	78	20	161	0
0.745	1	8	75	6	83	20	161	0
0.745	1	1	75	6	39	20	161	1
0.745	1	4	75	6	44	20	161	1
0.746	1	13	75	7	87	20	161	0
0.746	1	2	75	7	90	20	161	0
0.746	1	7	75	7	52	20	161	1
0.746	1	12	75	7	59	20	161	1
0.747	1	15	75	8	92	20	161	0
0.747	1	11	75	8	1	20	161	0
0.747	1	9	75	8	65	20	161	1
0.747	1	14	75	8	72	20	161	1
0.748	1	3	75	9	10	20	161	0
0.748	1	6	75	9	20	20	161	0
0.748	1	5	75	9	78	20	161	1
0.748	1	8	75	9	83	20	161	1
0.749	1	10	75	10	31	20	161	0
0.749	1	1	75	10	39	20	161	0
0.749	1	13	75	10	87	20	161	1
0.749	1	2	75	10	90	20	161	1
0.75	1	4	76	1	44	20	161	0
0.75	1	7	76	1	52	20	161	0
0.75	1	15	76	1	92	20	161	1
0.75	1	11	76	1	1	20	161	1
0.751	1	12	76	2	59	20	161	0
0.751	1	9	76	2	65	20	161	0
0.751	1	3	76	2	10	20	161	1
0.751	1	6	76	2	20	20	161	1
0.752	1	14	76	3	72	20	161	0
0.752	1	5	76	3	78	20	161	0
0.752	1	10	76	3	31	20	161	1
0.752	1	1	76	3	39	20	161	1
0.753	1	8	76	4	83	20	161	0
0.753	1	13	76	4	87	20	161	0
0.753	1	4	76	4	44	20	161	1
0.753	1	7	76	4	52	20	161	1
0.754	1	2	76	5	90	20	161	0
0.754	1	15	76	5	92	20	161	0
0.754	1	12	76	5	59	20	161	1
0.754	1	9	76	5	65	20	161	1
0.755	1	11	76	6	1	20	161	0
0.755	1	3	76	6	10	20	161	0
0.755	1	14	76	6	72	20	161	1
0.755	1	5	76	6	78	20	161	1
0.756	1	6	76	7	20	20	161	0
0.756	1	10	76	7	31	20	161	0
0.756	1	8	76	7	83	20	161	1
0.756	1	13	76	7	87	20	161	1
0.757	1	1	76	8	39	20	161	0
0.757	1	4	76	8	44	20	161	0
0.757	1	2	76	8	90	20	161	1
0.757	1	15	76	8	92	20	161	1
0.758	1	7	76	9	52	20	161	0
0.758	1	12	76	9	59	20	161	0
0.758	1	11	76	9	1	20	161	1
0.758	1	3	76	9	10	20	161	1
0.759	1	9	76	10	65	20	161	0
0.759	1	14	76	10	72	20	161	0
0.759	1	6	76	10	20	20	161	1
0.759	1	10	76	10	31	20	161	1
0.76	1	5	77	1	78	20	161	0
0.76	1	8	77	1	83	20	161	0
0.76	1	1	77	1	39	20	161	1
0.76	1	4	77	1	44	20	161	1
0.761	1	13	77	2	87	20	161	0
0.761	1	2	77	2	90	20	161	0
0.761	1	7	77	2	52	20	161	1
0.761	1	12	77	2	59	20	161	1
0.762	1	15	77	3	92	20	161	0
0.762	1	11	77	3	1	20	161	0
0.762	1	9	77	3	65	20	161	1
0.762	1	14	77	3	72	20	161	1
0.763	1	3	77	4	10	20	161	0
0.763	1	6	77	4	20	20	161	0
0.763	1	5	77	4	78	20	161	1
0.763	1	8	77	4	83	20	161	1
0.764	1	10	77	5	31	20	161	0
0.764	1	1	77	5	39	20	161	0
0.764	1	13	77	5	87	20	161	1
0.764	1	2	77	5	90	20	161	1
0.765	1	4	77	6	44	20	161	0
0.765	1	7	77	6	52	20	161	0
0.765	1	15	77	6	92	20	161	1
0.765	1	11	77	6	1	20	161	1
0.766	1	12	77	7	59	20	161	0
0.766	1	9	77	7	65	20	161	0
0.766	1	3	77	7	10	20	161	1
0.766	1	6	77	7	20	20	161	1
0.767	1	14	77	8	72	20	161	0
0.767	1	5	77	8	78	20	161	0
0.767	1	10	77	8	31	20	161	1
0.767	1	1	77	8	39	20	161	1
0.768	1	8	77	9	83	20	161	0
0.768	1	13	77	9	87	20	161	0
0.768	1	4	77	9	44	20	161	1
0.768	1	7	77	9	52	20	161	1
0.769	1	2	77	10	90	20	161	0
0.769	1	15	77	10	92	20	161	0
0.769	1	12	77	10	59	20	161	1
0.769	1	9	77	10	65	20	161	1
0.77	1	11	78	1	1	20	161	0
0.77	1	3	78	1	10	20	161	0
0.77	1	14	78	1	72	20	161	1
0.77	1	5	78	1	78	20	161	1
0.771	1	6	78	2	20	20	161	0
0.771	1	10	78	2	31	20	161	0
0.771	1	8	78	2	83	20	161	1
0.771	1	13	78	2	87	20	161	1
0.772	1	1	78	3	39	20	161	0
0.772	1	4	78	3	44	20	161	0
0.772	1	2	78	3	90	20	161	1
0.772	1	15	78	3	92	20	161	1
0.773	1	7	78	4	52	20	161	0
0.773	1	12	78	4	59	20	161	0
0.773	1	11	78	4	1	20	161	1
0.773	1	3	78	4	10	20	161	1
0.774	1	9	78	5	65	20	161	0
0.774	1	14	78	5	72	20	161	0
0.774	1	6	78	5	20	20	161	1
0.774	1	10	78	5	31	20	161	1
0.775	1	5	78	6	78	20	161	0
0.775	1	8	78	6	83	20	161	0
0.775	1	1	78	6	39	20	161	1
0.775	1	4	78	6	44	20	161	1
0.776	1	13	78	7	87	20	161	0
0.776	1	2	78	7	90	20	161	0
0.776	1	7	78	7	52	20	161	1
0.776	1	12	78	7	59	20	161	1
0.777	1	15	78	8	92	20	161	0
0.777	1	11	78	8	1	20	161	0
0.777	1	9	78	8	65	20	161	1
0.777	1	14	78	8	72	20	161	1
0.778	1	3	78	9	10	20	161	0
0.778	1	6	78	9	20	20	161	0
0.778	1	5	78	9	78	20	161	1
0.778	1	8	78	9	83	20	161	1
0.779	1	10	78	10	31	20	161	0
0.779	1	1	78	10	39	20	161	0
0.779	1	13	78	10	87	20	161	1
0.779	1	2	78	10	90	20	161	1
0.78	1	4	79	1	44	20	161	0
0.78	1	7	79	1	52	20	161	0
0.78	1	15	79	1	92	20	161	1
0.78	1	11	79	1	1	20	161	1
0.781	1	12	79	2	59	20	161	0
0.781	1	9	79	2	65	20	161	0
0.781	1	3	79	2	10	20	161	1
0.781	1	6	79	2	20	20	161	1
0.782	1	14	79	3	72	20	161	0
0.782	1	5	79	3	78	20	161	0
0.782	1	10	79	3	31	20	161	1
0.782	1	1	79	3	39	20	161	1
0.783	1	8	79	4	83	20	161	0
0.783	1	13	79	4	87	20	161	0
0.783	1	4	79	4	44	20	161	1
0.783	1	7	79	4	52	20	161	1
0.784	1	2	79	5	90	20	161	0
0.784	1	15	79	5	92	20	161	0
0.784	1	12	79	5	59	20	161	1
0.784	1	9	79	5	65	20	161	1
0.785	1	11	79	6	1	20	161	0
0.785	1	3	79	6	10	20	161	0
0.785	1	14	79	6	72	20	161	1
0.785	1	5	79	6	78	20	161	1
0.786	1	6	79	7	20	20	161	0
0.786	1	10	79	7	31	20	161	0
0.786	1	8	79	7	83	20	161	1
0.786	1	13	79	7	87	20	161	1
0.787	1	1	79	8	39	20	161	0
0.787	1	4	79	8	44	20	161	0
0.787	1	2	79	8	90	20	161	1
0.787	1	15	79	8	92	20	161	1
0.788	1	7	79	9	52	20	161	0
0.788	1	12	79	9	59	20	161	0
0.788	1	11	79	9	1	20	161	1
0.788	1	3	79	9	10	20	161	1
0.789	1	9	79	10	65	20	161	0
0.789	1	14	79	10	72	20	161	0
0.789	1	6	79	10	20	20	161	1
0.789	1	10	79	10	31	20	161	1
0.79	1	5	80	1	78	20	161	0
0.79	1	8	80	1	83	20	161	0
0.79	1	1	80	1	39	20	161	1
0.79	1	4	80	1	44	20	161	1
0.791	1	13	80	2	87	20	161	0
0.791	1	2	80	2	90	20	161	0
0.791	1	7	80	2	52	20	161	1
0.791	1	12	80	2	59	20	161	1
0.792	1	15	80	3	92	20	161	0
0.792	1	11	80	3	1	20	161	0
0.792	1	9	80	3	65	20	161	1
0.792	1	14	80	3	72	20	161	1
0.793	1	3	80	4	10	20	161	0
0.793	1	6	80	4	20	20	161	0
0.793	1	5	80	4	78	20	161	1
0.793	1	8	80	4	83	20	161	1
0.794	1	10	80	5	31	20	161	0
0.794	1	1	80	5	39	20	161	0
0.794	1	13	80	5	87	20	161	1
0.794	1	2	80	5	90	20	161	1
0.795	1	4	80	6	44	20	161	0
0.795	1	7	80	6	52	20	161	0
0.795	1	15	80	6	92	20	161	1
0.795	1	11	80	6	1	20	161	1
0.796	1	12	80	7	59	20	161	0
0.796	1	9	80	7	65	20	161	0
0.796	1	3	80	7	10	20	161	1
0.796	1	6	80	7	20	20	161	1
0.797	1	14	80	8	72	20	161	0
0.797	1	5	80	8	78	20	161	0
0.797	1	10	80	8	31	20	161	1
0.797	1	1	80	8	39	20	161	1
0.798	1	8	80	9	83	20	161	0
0.798	1	13	80	9	87	20	161	0
0.798	1	4	80	9	44	20	161	1
0.798	1	7	80	9	52	20	161	1
0.799	1	2	80	10	90	20	161	0
0.799	1	15	80	10	92	20	161	0
0.799	1	12	80	10	59	20	161	1
0.799	1	9	80	10	65	20	161	1
0.8	1	11	81	1	1	20	161	0
0.8	1	3	81	1	10	20	161	0
0.8	1	14	81	1	72	20	161	1
0.8	1	5	81	1	78	20	161	1
0.801	1	6	81	2	20	20	161	0
0.801	1	10	81	2	31	20	161	0
0.801	1	8	81	2	83	20	161	1
0.801	1	13	81	2	87	20	161	1
0.802	1	1	81	3	39	20	161	0
0.802	1	4	81	3	44	20	161	0
0.802	1	2	81	3	90	20	161	1
0.802	1	15	81	3	92	20	161	1
0.803	1	7	81	4	52	20	161	0
0.803	1	12	81	4	59	20	161	0
0.803	1	11	81	4	1	20	161	1
0.803	1	3	81	4	10	20	161	1
0.804	1	9	81	5	65	20	161	0
0.804	1	14	81	5	72	20	161	0
0.804	1	6	81	5	20	20	161	1
0.804	1	10	81	5	31	20	161	1
0.805	1	5	81	6	78	20	161	0
0.805	1	8	81	6	83	20	161	0
0.805	1	1	81	6	39	20	161	1
0.805	1	4	81	6	44	20	161	1
0.806	1	13	81	7	87	20	161	0
0.806	1	2	81	7	90	20	161	0
0.806	1	7	81	7	52	20	161	1
0.806	1	12	81	7	59	20	161	1
0.807	1	15	81	8	92	20	161	0
0.807	1	11	81	8	1	20	161	0
0.807	1	9	81	8	65	20	161	1
0.807	1	14	81	8	72	20	161	1
0.808	1	3	81	9	10	20	161	0
0.808	1	6	81	9	20	20	161	0
0.808	1	5	81	9	78	20	161	1
0.808	1	8	81	9	83	20	161	1
0.809	1	10	81	10	31	20	161	0
0.809	1	1	81	10	39	20	161	0
0.809	1	13	81	10	87	20	161	1
0.809	1	2	81	10	90	20	161	1
0.81	1	4	82	1	44	20	161	0
0.81	1	7	82	1	52	20	161	0
0.81	1	15	82	1	92	20	161	1
0.81	1	11	82	1	1	20	161	1
0.811	1	12	82	2	59	20	161	0
0.811	1	9	82	2	65	20	161	0
0.811	1	3	82	2	10	20	161	1
0.811	1	6	82	2	20	20	161	1
0.812	1	14	82	3	72	20	161	0
0.812	1	5	82	3	78	20	161	0
0.812	1	10	82	3	31	20	161	1
0.812	1	1	82	3	39	20	161	1
0.813	1	8	82	4	83	20	161	0
0.813	1	13	82	4	87	20	161	0
0.813	1	4	82	4	44	20	161	1
0.813	1	7	82	4	52	20	161	1
0.814	1	2	82	5	90	20	161	0
0.814	1	15	82	5	92	20	161	0
0.814	1	12	82	5	59	20	161	1
0.814	1	9	82	5	65	20	161	1
0.815	1	11	82	6	1	20	161	0
0.815	1	3	82	6	10	20	161	0
0.815	1	14	82	6	72	20	161	1
0.815	1	5	82	6	78	20	161	1
0.816	1	6	82	7	20	20	161	0
0.816	1	10	82	7	31	20	161	0
0.816	1	8	82	7	83	20	161	1
0.816	1	13	82	7	87	20	161	1
0.817	1	1	82	8	39	20	161	0
0.817	1	4	82	8	44	20	161	0
0.817	1	2	82	8	90	20	161	1
0.817	1	15	82	8	92	20	161	1
0.818	1	7	82	9	52	20	161	0
0.818	1	12	82	9	59	20	161	0
0.818	1	11	82	9	1	20	161	1
0.818	1	3	82	9	10	20	161	1
0.819	1	9	82	10	65	20	161	0
0.819	1	14	82	10	72	20	161	0
0.819	1	6	82	10	20	20	161	1
0.819	1	10	82	10	31	20	161	1
0.82	1	5	83	1	78	20	161	0
0.82	1	8	83	1	83	20	161	0
0.82	1	1	83	1	39	20	161	1
0.82	1	4	83	1	44	20	161	1
0.821	1	13	83	2	87	20	161	0
0.821	1	2	83	2	90	20	161	0
0.821	1	7	83	2	52	20	161	1
0.821	1	12	83	2	59	20	161	1
0.822	1	15	83	3	92	20	161	0
0.822	1	11	83	3	1	20	161	0
0.822	1	9	83	3	65	20	161	1
0.822	1	14	83	3	72	20	161	1
0.823	1	3	83	4	10	20	161	0
0.823	1	6	83	4	20	20	161	0
0.823	1	5	83	4	78	20	161	1
0.823	1	8	83	4	83	20	161	1
0.824	1	10	83	5	31	20	161	0
0.824	1	1	83	5	39	20	161	0
0.824	1	13	83	5	87	20	161	1
0.824	1	2	83	5	90	20	161	1
0.825	1	4	83	6	44	20	161	0
0.825	1	7	83	6	52	20	161	0
0.825	1	15	83	6	92	20	161	1
0.825	1	11	83	6	1	20	161	1
0.826	1	12	83	7	59	20	161	0
0.826	1	9	83	7	65	20	161	0
0.826	1	3	83	7	10	20	161	1
0.826	1	6	83	7	20	20	161	1
0.827	1	14	83	8	72	20	161	0
0.827	1	5	83	8	78	20	161	0
0.827	1	10	83	8	31	20	161	1
0.827	1	1	83	8	39	20	161	1
0.828	1	8	83	9	83	20	161	0
0.828	1	13	83	9	87	20	161	0
0.828	1	4	83	9	44	20	161	1
0.828	1	7	83	9	52	20	161	1
0.829	1	2	83	10	90	20	161	0
0.829	1	15	83	10	92	20	161	0
0.829	1	12	83	10	59	20	161	1
0.829	1	9	83	10	65	20	161	1
0.83	1	11	84	1	1	20	161	0
0.83	1	3	84	1	10	20	161	0
0.83	1	14	84	1	72	20	161	1
0.83	1	5	84	1	78	20	161	1
0.831	1	6	84	2	20	20	161	0
0.831	1	10	84	2	31	20	161	0
0.831	1	8	84	2	83	20	161	1
0.831	1	13	84	2	87	20	161	1
0.832	1	1	84	3	39	20	161	0
0.832	1	4	84	3	44	20	161	0
0.832	1	2	84	3	90	20	161	1
0.832	1	15	84	3	92	20	161	1
0.833	1	7	84	4	52	20	161	0
0.833	1	12	84	4	59	20	161	0
0.833	1	11	84	4	1	20	161	1
0.833	1	3	84	4	10	20	161	1
0.834	1	9	84	5	65	20	161	0
0.834	1	14	84	5	72	20	161	0
0.834	1	6	84	5	20	20	161	1
0.834	1	10	84	5	31	20	161	1
0.835	1	5	84	6	78	20	161	0
0.835	1	8	84	6	83	20	161	0
0.835	1	1	84	6	39	20	161	1
0.835	1	4	84	6	44	20	161	1
0.836	1	13	84	7	87	20	161	0
0.836	1	2	84	7	90	20	161	0
0.836	1	7	84	7	52	20	161	1
0.836	1	12	84	7	59	20	161	1
0.837	1	15	84	8	92	20	161	0
0.837	1	11	84	8	1	20	161	0
0.837	1	9	84	8	65	20	161	1
0.837	1	14	84	8	72	20	161	1
0.838	1	3	84	9	10	20	161	0
0.838	1	6	84	9	20	20	161	0
0.838	1	5	84	9	78	20	161	1
0.838	1	8	84	9	83	20	161	1
0.839	1	10	84	10	31	20	161	0
0.839	1	1	84	10	39	20	161	0
0.839	1	13	84	10	87	20	161	1
0.839	1	2	84	10	90	20	161	1
0.84	1	4	85	1	44	20	161	0
0.84	1	7	85	1	52	20	161	0
0.84	1	15	85	1	92	20	161	1
0.84	1	11	85	1	1	20	161	1
0.841	1	12	85	2	59	20	161	0
0.841	1	9	85	2	65	20	161	0
0.841	1	3	85	2	10	20	161	1
0.841	1	6	85	2	20	20	161	1
0.842	1	14	85	3	72	20	161	0
0.842	1	5	85	3	78	20	161	0
0.842	1	10	85	3	31	20	161	1
0.842	1	1	85	3	39	20	161	1
0.843	1	8	85	4	83	20	161	0
0.843	1	13	85	4	87	20	161	0
0.843	1	4	85	4	44	20	161	1
0.843	1	7	85	4	52	20	161	1
0.844	1	2	85	5	90	20	161	0
0.844	1	15	85	5	92	20	161	0
0.844	1	12	85	5	59	20	161	1
0.844	1	9	85	5	65	20	161	1
0.845	1	11	85	6	1	20	161	0
0.845	1	3	85	6	10	20	161	0
0.845	1	14	85	6	72	20	161	1
0.845	1	5	85	6	78	20	161	1
0.846	1	6	85	7	20	20	161	0
0.846	1	10	85	7	31	20	161	0
0.846	1	8	85	7	83	20	161	1
0.846	1	13	85	7	87	20	161	1
0.847	1	1	85	8	39	20	161	0
0.847	1	4	85	8	44	20	161	0
0.847	1	2	85	8	90	20	161	1
0.847	1	15	85	8	92	20	161	1
0.848	1	7	85	9	52	20	161	0
0.848	1	12	85	9	59	20	161	0
0.848	1	11	85	9	1	20	161	1
0.848	1	3	85	9	10	20	161	1
0.849	1	9	85	10	65	20	161	0
0.849	1	14	85	10	72	20	161	0
0.849	1	6	85	10	20	20	161	1
0.849	1	10	85	10	31	20	161	1
0.85	1	5	86	1	78	20	161	0
0.85	1	8	86	1	83	20	161	0
0.85	1	1	86	1	39	20	161	1
0.85	1	4	86	1	44	20	161	1
0.851	1	13	86	2	87	20	161	0
0.851	1	2	86	2	90	20	161	0
0.851	1	7	86	2	52	20	161	1
0.851	1	12	86	2	59	20	161	1
0.852	1	15	86	3	92	20	161	0
0.852	1	11	86	3	1	20	161	0
0.852	1	9	86	3	65	20	161	1
0.852	1	14	86	3	72	20	161	1
0.853	1	3	86	4	10	20	161	0
0.853	1	6	86	4	20	20	161	0
0.853	1	5	86	4	78	20	161	1
0.853	1	8	86	4	83	20	161	1
0.854	1	10	86	5	31	20	161	0
0.854	1	1	86	5	39	20	161	0
0.854	1	13	86	5	87	20	161	1
0.854	1	2	86	5	90	20	161	1
0.855	1	4	86	6	44	20	161	0
0.855	1	7	86	6	52	20	161	0
0.855	1	15	86	6	92	20	161	1
0.855	1	11	86	6	1	20	161	1
0.856	1	12	86	7	59	20	161	0
0.856	1	9	86	7	65	20	161	0
0.856	1	3	86	7	10	20	161	1
0.856	1	6	86	7	20	20	161	1
0.857	1	14	86	8	72	20	161	0
0.857	1	5	86	8	78	20	161	0
0.857	1	10	86	8	31	20	161	1
0.857	1	1	86	8	39	20	161	1
0.858	1	8	86	9	83	20	161	0
0.858	1	13	86	9	87	20	161	0
0.858	1	4	86	9	44	20	161	1
0.858	1	7	86	9	52	20	161	1
0.859	1	2	86	10	90	20	161	0
0.859	1	15	86	10	92	20	161	0
0.859	1	12	86	10	59	20	161	1
0.859	1	9	86	10	65	20	161	1
0.86	1	11	87	1	1	20	161	0
0.86	1	3	87	1	10	20	161	0
0.86	1	14	87	1	72	20	161	1
0.86	1	5	87	1	78	20	161	1
0.861	1	6	87	2	20	20	161	0
0.861	1	10	87	2	31	20	161	0
0.861	1	8	87	2	83	20	161	1
0.861	1	13	87	2	87	20	161	1
0.862	1	1	87	3	39	20	161	0
0.862	1	4	87	3	44	20	161	0
0.862	1	2	87	3	90	20	161	1
0.862	1	15	87	3	92	20	161	1
0.863	1	7	87	4	52	20	161	0
0.863	1	12	87	4	59	20	161	0
0.863	1	11	87	4	1	20	161	1
0.863	1	3	87	4	10	20	161	1
0.864	1	9	87	5	65	20	161	0
0.864	1	14	87	5	72	20	161	0
0.864	1	6	87	5	20	20	161	1
0.864	1	10	87	5	31	20	161	1
0.865	1	5	87	6	78	20	161	0
0.865	1	8	87	6	83	20	161	0
0.865	1	1	87	6	39	20	161	1
0.865	1	4	87	6	44	20	161	1
0.866	1	13	87	7	87	20	161	0
0.866	1	2	87	7	90	20	161	0
0.866	1	7	87	7	52	20	161	1
0.866	1	12	87	7	59	20	161	1
0.867	1	15	87	8	92	20	161	0
0.867	1	11	87	8	1	20	161	0
0.867	1	9	87	8	65	20	161	1
0.867	1	14	87	8	72	20	161	1
0.868	1	3	87	9	10	20	161	0
0.868	1	6	87	9	20	20	161	0
0.868	1	5	87	9	78	20	161	1
0.868	1	8	87	9	83	20	161	1
0.869	1	10	87	10	31	20	161	0
0.869	1	1	87	10	39	20	161	0
0.869	1	13	87	10	87	20	161	1
0.869	1	2	87	10	90	20	161	1
0.87	1	4	88	1	44	20	161	0
0.87	1	7	88	1	52	20	161	0
0.87	1	15	88	1	92	20	161	1
0.87	1	11	88	1	1	20	161	1
0.871	1	12	88	2	59	20	161	0
0.871	1	9	88	2	65	20	161	0
0.871	1	3	88	2	10	20	161	1
0.871	1	6	88	2	20	20	161	1
0.872	1	14	88	3	72	20	161	0
0.872	1	5	88	3	78	20	161	0
0.872	1	10	88	3	31	20	161	1
0.872	1	1	88	3	39	20	161	1
0.873	1	8	88	4	83	20	161	0
0.873	1	13	88	4	87	20	161	0
0.873	1	4	88	4	44	20	161	1
0.873	1	7	88	4	52	20	161	1
0.874	1	2	88	5	90	20	161	0
0.874	1	15	88	5	92	20	161	0
0.874	1	12	88	5	59	20	161	1
0.874	1	9	88	5	65	20	161	1
0.875	1	11	88	6	1	20	161	0
0.875	1	3	88	6	10	20	161	0
0.875	1	14	88	6	72	20	161	1
0.875	1	5	88	6	78	20	161	1
0.876	1	6	88	7	20	20	161	0
0.876	1	10	88	7	31	20	161	0
0.876	1	8	88	7	83	20	161	1
0.876	1	13	88	7	87	20	161	1
0.877	1	1	88	8	39	20	161	0
0.877	1	4	88	8	44	20	161	0
0.877	1	2	88	8	90	20	161	1
0.877	1	15	88	8	92	20	161	1
0.878	1	7	88	9	52	20	161	0
0.878	1	12	88	9	59	20	161	0
0.878	1	11	88	9	1	20	161	1
0.878	1	3	88	9	10	20	161	1
0.879	1	9	88	10	65	20	161	0
0.879	1	14	88	10	72	20	161	0
0.879	1	6	88	10	20	20	161	1
0.879	1	10	88	10	31	20	161	1
0.88	1	5	89	1	78	20	161	0
0.88	1	8	89	1	83	20	161	0
0.88	1	1	89	1	39	20	161	1
0.88	1	4	89	1	44	20	161	1
0.881	1	13	89	2	87	20	161	0
0.881	1	2	89	2	90	20	161	0
0.881	1	7	89	2	52	20	161	1
0.881	1	12	89	2	59	20	161	1
0.882	1	15	89	3	92	20	161	0
0.882	1	11	89	3	1	20	161	0
0.882	1	9	89	3	65	20	161	1
0.882	1	14	89	3	72	20	161	1
0.883	1	3	89	4	10	20	161	0
0.883	1	6	89	4	20	20	161	0
0.883	1	5	89	4	78	20	161	1
0.883	1	8	89	4	83	20	161	1
0.884	1	10	89	5	31	20	161	0
0.884	1	1	89	5	39	20	161	0
0.884	1	13	89	5	87	20	161	1
0.884	1	2	89	5	90	20	161	1
0.885	1	4	89	6	44	20	161	0
0.885	1	7	89	6	52	20	161	0
0.885	1	15	89	6	92	20	161	1
0.885	1	11	89	6	1	20	161	1
0.886	1	12	89	7	59	20	161	0
0.886	1	9	89	7	65	20	161	0
0.886	1	3	89	7	10	20	161	1
0.886	1	6	89	7	20	20	161	1
0.887	1	14	89	8	72	20	161	0
0.887	1	5	89	8	78	20	161	0
0.887	1	10	89	8	31	20	161	1
0.887	1	1	89	8	39	20	161	1
0.888	1	8	89	9	83	20	161	0
0.888	1	13	89	9	87	20	161	0
0.888	1	4	89	9	44	20	161	1
0.888	1	7	89	9	52	20	161	1
0.889	1	2	89	10	90	20	161	0
0.889	1	15	89	10	92	20	161	0
0.889	1	12	89	10	59	20	161	1
0.889	1	9	89	10	65	20	161	1
0.89	1	11	90	1	1	20	161	0
0.89	1	3	90	1	10	20	161	0
0.89	1	14	90	1	72	20	161	1
0.89	1	5	90	1	78	20	161	1
0.891	1	6	90	2	20	20	161	0
0.891	1	10	90	2	31	20	161	0
0.891	1	8	90	2	83	20	161	1
0.891	1	13	90	2	87	20	161	1
0.892	1	1	90	3	39	20	161	0
0.892	1	4	90	3	44	20	161	0
0.892	1	2	90	3	90	20	161	1
0.892	1	15	90	3	92	20	161	1
0.893	1	7	90	4	52	20	161	0
0.893	1	12	90	4	59	20	161	0
0.893	1	11	90	4	1	20	161	1
0.893	1	3	90	4	10	20	161	1
0.894	1	9	90	5	65	20	161	0
0.894	1	14	90	5	72	20	161	0
0.894	1	6	90	5	20	20	161	1
0.894	1	10	90	5	31	20	161	1
0.895	1	5	90	6	78	20	161	0
0.895	1	8	90	6	83	20	161	0
0.895	1	1	90	6	39	20	161	1
0.895	1	4	90	6	44	20	161	1
0.896	1	13	90	7	87	20	161	0
0.896	1	2	90	7	90	20	161	0
0.896	1	7	90	7	52	20	161	1
0.896	1	12	90	7	59	20	161	1
0.897	1	15	90	8	92	20	161	0
0.897	1	11	90	8	1	20	161	0
0.897	1	9	90	8	65	20	161	1
0.897	1	14	90	8	72	20	161	1
0.898	1	3	90	9	10	20	161	0
0.898	1	6	90	9	20	20	161	0
0.898	1	5	90	9	78	20	161	1
0.898	1	8	90	9	83	20	161	1
0.899	1	10	90	10	31	20	161	0
0.899	1	1	90	10	39	20	161	0
0.899	1	13	90	10	87	20	161	1
0.899	1	2	90	10	90	20	161	1
