% time	cellId	IMSI	RNTI	sinrLinear	componentCarrierId
0.041	1	11	1	62.3709	0
0.041	2	11	1	62.2741	1
0.05	1	3	10	62.3709	0
0.05	2	3	10	62.2741	1
0.06	1	6	20	62.3709	0
0.06	2	6	20	62.2741	1
0.071	1	10	31	62.3709	0
0.071	2	10	31	62.2741	1
0.079	1	1	39	62.3709	0
0.079	2	1	39	62.2741	1
0.08	1	12	59	62.3709	0
0.08	2	12	59	62.2741	1
0.081	1	11	1	62.3709	0
0.081	2	11	1	62.2741	1
0.082	1	5	78	62.3709	0
0.082	2	5	78	62.2741	1
0.085	1	4	44	62.3709	0
0.085	2	4	44	62.2741	1
0.086	1	9	65	62.3709	0
0.086	2	9	65	62.2741	1
0.087	1	8	83	62.3709	0
0.087	2	8	83	62.2741	1
0.09	1	3	10	62.3709	0
0.09	2	3	10	62.2741	1
0.094	1	7	52	62.3709	0
0.094	2	7	52	62.2741	1
0.095	1	14	72	62.3709	0
0.095	2	14	72	62.2741	1
0.1	1	6	20	62.3709	0
0.1	2	6	20	62.2741	1
0.111	1	10	31	62.3709	0
0.111	2	10	31	62.2741	1
0.119	1	1	39	62.3709	0
0.119	2	1	39	62.2741	1
0.12	1	12	59	62.3709	0
0.12	2	12	59	62.2741	1
0.121	1	11	1	62.3709	0
0.121	2	11	1	62.2741	1
0.122	1	5	78	62.3709	0
0.122	2	5	78	62.2741	1
0.123	1	2	90	62.3709	0
0.123	2	2	90	62.2741	1
0.125	1	4	44	62.3709	0
0.125	2	4	44	62.2741	1
0.126	1	9	65	62.3709	0
0.126	2	9	65	62.2741	1
0.127	1	8	83	62.3709	0
0.127	2	8	83	62.2741	1
0.128	1	15	92	62.3709	0
0.128	2	15	92	62.2741	1
0.13	1	3	10	62.3709	0
0.13	2	3	10	62.2741	1
0.132	1	13	87	62.3709	0
0.132	2	13	87	62.2741	1
0.134	1	7	52	62.3709	0
0.134	2	7	52	62.2741	1
0.135	1	14	72	62.3709	0
0.135	2	14	72	62.2741	1
0.14	1	6	20	62.3709	0
0.14	2	6	20	62.2741	1
0.151	1	10	31	62.3709	0
0.151	2	10	31	62.2741	1
0.159	1	1	39	62.3709	0
0.159	2	1	39	62.2741	1
0.16	1	12	59	62.3709	0
0.16	2	12	59	62.2741	1
0.161	1	11	1	62.3709	0
0.161	2	11	1	62.2741	1
0.162	1	5	78	62.3709	0
0.162	2	5	78	62.2741	1
0.163	1	2	90	62.3709	0
0.163	2	2	90	62.2741	1
0.165	1	4	44	62.3709	0
0.165	2	4	44	62.2741	1
0.166	1	9	65	62.3709	0
0.166	2	9	65	62.2741	1
0.167	1	8	83	62.3709	0
0.167	2	8	83	62.2741	1
0.168	1	15	92	62.3709	0
0.168	2	15	92	62.2741	1
0.17	1	3	10	62.3709	0
0.17	2	3	10	62.2741	1
0.172	1	13	87	62.3709	0
0.172	2	13	87	62.2741	1
0.174	1	7	52	62.3709	0
0.174	2	7	52	62.2741	1
0.175	1	14	72	62.3709	0
0.175	2	14	72	62.2741	1
0.18	1	6	20	62.3709	0
0.18	2	6	20	62.2741	1
0.191	1	10	31	62.3709	0
0.191	2	10	31	62.2741	1
0.199	1	1	39	62.3709	0
0.199	2	1	39	62.2741	1
0.2	1	12	59	62.3709	0
0.2	2	12	59	62.2741	1
0.201	1	11	1	62.3709	0
0.201	2	11	1	62.2741	1
0.202	1	5	78	62.3709	0
0.202	2	5	78	62.2741	1
0.203	1	2	90	62.3709	0
0.203	2	2	90	62.2741	1
0.205	1	4	44	62.3709	0
0.205	2	4	44	62.2741	1
0.206	1	9	65	62.3709	0
0.206	2	9	65	62.2741	1
0.207	1	8	83	62.3709	0
0.207	2	8	83	62.2741	1
0.208	1	15	92	62.3709	0
0.208	2	15	92	62.2741	1
0.21	1	3	10	62.3709	0
0.21	2	3	10	62.2741	1
0.212	1	13	87	62.3709	0
0.212	2	13	87	62.2741	1
0.214	1	7	52	62.3709	0
0.214	2	7	52	62.2741	1
0.215	1	14	72	62.3709	0
0.215	2	14	72	62.2741	1
0.22	1	6	20	62.3709	0
0.22	2	6	20	62.2741	1
0.231	1	10	31	62.3709	0
0.231	2	10	31	62.2741	1
0.239	1	1	39	62.3709	0
0.239	2	1	39	62.2741	1
0.24	1	12	59	62.3709	0
0.24	2	12	59	62.2741	1
0.241	1	11	1	62.3709	0
0.241	2	11	1	62.2741	1
0.242	1	5	78	62.3709	0
0.242	2	5	78	62.2741	1
0.243	1	2	90	62.3709	0
0.243	2	2	90	62.2741	1
0.245	1	4	44	62.3709	0
0.245	2	4	44	62.2741	1
0.246	1	9	65	62.3709	0
0.246	2	9	65	62.2741	1
0.247	1	8	83	62.3709	0
0.247	2	8	83	62.2741	1
0.248	1	15	92	62.3709	0
0.248	2	15	92	62.2741	1
0.25	1	3	10	62.3709	0
0.25	2	3	10	62.2741	1
0.252	1	13	87	62.3709	0
0.252	2	13	87	62.2741	1
0.254	1	7	52	62.3709	0
0.254	2	7	52	62.2741	1
0.255	1	14	72	62.3709	0
0.255	2	14	72	62.2741	1
0.26	1	6	20	62.3709	0
0.26	2	6	20	62.2741	1
0.271	1	10	31	62.3709	0
0.271	2	10	31	62.2741	1
0.279	1	1	39	62.3709	0
0.279	2	1	39	62.2741	1
0.28	1	12	59	62.3709	0
0.28	2	12	59	62.2741	1
0.281	1	11	1	62.3709	0
0.281	2	11	1	62.2741	1
0.282	1	5	78	62.3709	0
0.282	2	5	78	62.2741	1
0.283	1	2	90	62.3709	0
0.283	2	2	90	62.2741	1
0.285	1	4	44	62.3709	0
0.285	2	4	44	62.2741	1
0.286	1	9	65	62.3709	0
0.286	2	9	65	62.2741	1
0.287	1	8	83	62.3709	0
0.287	2	8	83	62.2741	1
0.288	1	15	92	62.3709	0
0.288	2	15	92	62.2741	1
0.29	1	3	10	62.3709	0
0.29	2	3	10	62.2741	1
0.292	1	13	87	62.3709	0
0.292	2	13	87	62.2741	1
0.294	1	7	52	62.3709	0
0.294	2	7	52	62.2741	1
0.295	1	14	72	62.3709	0
0.295	2	14	72	62.2741	1
0.3	1	6	20	62.3709	0
0.3	2	6	20	62.2741	1
0.311	1	10	31	62.3709	0
0.311	2	10	31	62.2741	1
0.319	1	1	39	62.3709	0
0.319	2	1	39	62.2741	1
0.32	1	12	59	62.3709	0
0.32	2	12	59	62.2741	1
0.321	1	11	1	62.3709	0
0.321	2	11	1	62.2741	1
0.322	1	5	78	62.3709	0
0.322	2	5	78	62.2741	1
0.323	1	2	90	62.3709	0
0.323	2	2	90	62.2741	1
0.325	1	4	44	62.3709	0
0.325	2	4	44	62.2741	1
0.326	1	9	65	62.3709	0
0.326	2	9	65	62.2741	1
0.327	1	8	83	62.3709	0
0.327	2	8	83	62.2741	1
0.328	1	15	92	62.3709	0
0.328	2	15	92	62.2741	1
0.33	1	3	10	62.3709	0
0.33	2	3	10	62.2741	1
0.332	1	13	87	62.3709	0
0.332	2	13	87	62.2741	1
0.334	1	7	52	62.3709	0
0.334	2	7	52	62.2741	1
0.335	1	14	72	62.3709	0
0.335	2	14	72	62.2741	1
0.34	1	6	20	62.3709	0
0.34	2	6	20	62.2741	1
0.351	1	10	31	62.3709	0
0.351	2	10	31	62.2741	1
0.359	1	1	39	62.3709	0
0.359	2	1	39	62.2741	1
0.36	1	12	59	62.3709	0
0.36	2	12	59	62.2741	1
0.361	1	11	1	62.3709	0
0.361	2	11	1	62.2741	1
0.362	1	5	78	62.3709	0
0.362	2	5	78	62.2741	1
0.363	1	2	90	62.3709	0
0.363	2	2	90	62.2741	1
0.365	1	4	44	62.3709	0
0.365	2	4	44	62.2741	1
0.366	1	9	65	62.3709	0
0.366	2	9	65	62.2741	1
0.367	1	8	83	62.3709	0
0.367	2	8	83	62.2741	1
0.368	1	15	92	62.3709	0
0.368	2	15	92	62.2741	1
0.37	1	3	10	62.3709	0
0.37	2	3	10	62.2741	1
0.372	1	13	87	62.3709	0
0.372	2	13	87	62.2741	1
0.374	1	7	52	62.3709	0
0.374	2	7	52	62.2741	1
0.375	1	14	72	62.3709	0
0.375	2	14	72	62.2741	1
0.38	1	6	20	62.3709	0
0.38	2	6	20	62.2741	1
0.391	1	10	31	62.3709	0
0.391	2	10	31	62.2741	1
0.399	1	1	39	62.3709	0
0.399	2	1	39	62.2741	1
0.4	1	12	59	62.3709	0
0.4	2	12	59	62.2741	1
0.401	1	11	1	62.3709	0
0.401	2	11	1	62.2741	1
0.402	1	5	78	62.3709	0
0.402	2	5	78	62.2741	1
0.403	1	2	90	62.3709	0
0.403	2	2	90	62.2741	1
0.405	1	4	44	62.3709	0
0.405	2	4	44	62.2741	1
0.406	1	9	65	62.3709	0
0.406	2	9	65	62.2741	1
0.407	1	8	83	62.3709	0
0.407	2	8	83	62.2741	1
0.408	1	15	92	62.3709	0
0.408	2	15	92	62.2741	1
0.41	1	3	10	62.3709	0
0.41	2	3	10	62.2741	1
0.412	1	13	87	62.3709	0
0.412	2	13	87	62.2741	1
0.414	1	7	52	62.3709	0
0.414	2	7	52	62.2741	1
0.415	1	14	72	62.3709	0
0.415	2	14	72	62.2741	1
0.42	1	6	20	62.3709	0
0.42	2	6	20	62.2741	1
0.431	1	10	31	62.3709	0
0.431	2	10	31	62.2741	1
0.439	1	1	39	62.3709	0
0.439	2	1	39	62.2741	1
0.44	1	12	59	62.3709	0
0.44	2	12	59	62.2741	1
0.441	1	11	1	62.3709	0
0.441	2	11	1	62.2741	1
0.442	1	5	78	62.3709	0
0.442	2	5	78	62.2741	1
0.443	1	2	90	62.3709	0
0.443	2	2	90	62.2741	1
0.445	1	4	44	62.3709	0
0.445	2	4	44	62.2741	1
0.446	1	9	65	62.3709	0
0.446	2	9	65	62.2741	1
0.447	1	8	83	62.3709	0
0.447	2	8	83	62.2741	1
0.448	1	15	92	62.3709	0
0.448	2	15	92	62.2741	1
0.45	1	3	10	62.3709	0
0.45	2	3	10	62.2741	1
0.452	1	13	87	62.3709	0
0.452	2	13	87	62.2741	1
0.454	1	7	52	62.3709	0
0.454	2	7	52	62.2741	1
0.455	1	14	72	62.3709	0
0.455	2	14	72	62.2741	1
0.46	1	6	20	62.3709	0
0.46	2	6	20	62.2741	1
0.471	1	10	31	62.3709	0
0.471	2	10	31	62.2741	1
0.479	1	1	39	62.3709	0
0.479	2	1	39	62.2741	1
0.48	1	12	59	62.3709	0
0.48	2	12	59	62.2741	1
0.481	1	11	1	62.3709	0
0.481	2	11	1	62.2741	1
0.482	1	5	78	62.3709	0
0.482	2	5	78	62.2741	1
0.483	1	2	90	62.3709	0
0.483	2	2	90	62.2741	1
0.485	1	4	44	62.3709	0
0.485	2	4	44	62.2741	1
0.486	1	9	65	62.3709	0
0.486	2	9	65	62.2741	1
0.487	1	8	83	62.3709	0
0.487	2	8	83	62.2741	1
0.488	1	15	92	62.3709	0
0.488	2	15	92	62.2741	1
0.49	1	3	10	62.3709	0
0.49	2	3	10	62.2741	1
0.492	1	13	87	62.3709	0
0.492	2	13	87	62.2741	1
0.494	1	7	52	62.3709	0
0.494	2	7	52	62.2741	1
0.495	1	14	72	62.3709	0
0.495	2	14	72	62.2741	1
0.5	1	6	20	62.3709	0
0.5	2	6	20	62.2741	1
0.511	1	10	31	62.3709	0
0.511	2	10	31	62.2741	1
0.519	1	1	39	62.3709	0
0.519	2	1	39	62.2741	1
0.52	1	12	59	62.3709	0
0.52	2	12	59	62.2741	1
0.521	1	11	1	62.3709	0
0.521	2	11	1	62.2741	1
0.522	1	5	78	62.3709	0
0.522	2	5	78	62.2741	1
0.523	1	2	90	62.3709	0
0.523	2	2	90	62.2741	1
0.525	1	4	44	62.3709	0
0.525	2	4	44	62.2741	1
0.526	1	9	65	62.3709	0
0.526	2	9	65	62.2741	1
0.527	1	8	83	62.3709	0
0.527	2	8	83	62.2741	1
0.528	1	15	92	62.3709	0
0.528	2	15	92	62.2741	1
0.53	1	3	10	62.3709	0
0.53	2	3	10	62.2741	1
0.532	1	13	87	62.3709	0
0.532	2	13	87	62.2741	1
0.534	1	7	52	62.3709	0
0.534	2	7	52	62.2741	1
0.535	1	14	72	62.3709	0
0.535	2	14	72	62.2741	1
0.54	1	6	20	62.3709	0
0.54	2	6	20	62.2741	1
0.551	1	10	31	62.3709	0
0.551	2	10	31	62.2741	1
0.559	1	1	39	62.3709	0
0.559	2	1	39	62.2741	1
0.56	1	12	59	62.3709	0
0.56	2	12	59	62.2741	1
0.561	1	11	1	62.3709	0
0.561	2	11	1	62.2741	1
0.562	1	5	78	62.3709	0
0.562	2	5	78	62.2741	1
0.563	1	2	90	62.3709	0
0.563	2	2	90	62.2741	1
0.565	1	4	44	62.3709	0
0.565	2	4	44	62.2741	1
0.566	1	9	65	62.3709	0
0.566	2	9	65	62.2741	1
0.567	1	8	83	62.3709	0
0.567	2	8	83	62.2741	1
0.568	1	15	92	62.3709	0
0.568	2	15	92	62.2741	1
0.57	1	3	10	62.3709	0
0.57	2	3	10	62.2741	1
0.572	1	13	87	62.3709	0
0.572	2	13	87	62.2741	1
0.574	1	7	52	62.3709	0
0.574	2	7	52	62.2741	1
0.575	1	14	72	62.3709	0
0.575	2	14	72	62.2741	1
0.58	1	6	20	62.3709	0
0.58	2	6	20	62.2741	1
0.591	1	10	31	62.3709	0
0.591	2	10	31	62.2741	1
0.599	1	1	39	62.3709	0
0.599	2	1	39	62.2741	1
0.6	1	12	59	62.3709	0
0.6	2	12	59	62.2741	1
0.601	1	11	1	62.3709	0
0.601	2	11	1	62.2741	1
0.602	1	5	78	62.3709	0
0.602	2	5	78	62.2741	1
0.603	1	2	90	62.3709	0
0.603	2	2	90	62.2741	1
0.605	1	4	44	62.3709	0
0.605	2	4	44	62.2741	1
0.606	1	9	65	62.3709	0
0.606	2	9	65	62.2741	1
0.607	1	8	83	62.3709	0
0.607	2	8	83	62.2741	1
0.608	1	15	92	62.3709	0
0.608	2	15	92	62.2741	1
0.61	1	3	10	62.3709	0
0.61	2	3	10	62.2741	1
0.612	1	13	87	62.3709	0
0.612	2	13	87	62.2741	1
0.614	1	7	52	62.3709	0
0.614	2	7	52	62.2741	1
0.615	1	14	72	62.3709	0
0.615	2	14	72	62.2741	1
0.62	1	6	20	62.3709	0
0.62	2	6	20	62.2741	1
0.631	1	10	31	62.3709	0
0.631	2	10	31	62.2741	1
0.639	1	1	39	62.3709	0
0.639	2	1	39	62.2741	1
0.64	1	12	59	62.3709	0
0.64	2	12	59	62.2741	1
0.641	1	11	1	62.3709	0
0.641	2	11	1	62.2741	1
0.642	1	5	78	62.3709	0
0.642	2	5	78	62.2741	1
0.643	1	2	90	62.3709	0
0.643	2	2	90	62.2741	1
0.645	1	4	44	62.3709	0
0.645	2	4	44	62.2741	1
0.646	1	9	65	62.3709	0
0.646	2	9	65	62.2741	1
0.647	1	8	83	62.3709	0
0.647	2	8	83	62.2741	1
0.648	1	15	92	62.3709	0
0.648	2	15	92	62.2741	1
0.65	1	3	10	62.3709	0
0.65	2	3	10	62.2741	1
0.652	1	13	87	62.3709	0
0.652	2	13	87	62.2741	1
0.654	1	7	52	62.3709	0
0.654	2	7	52	62.2741	1
0.655	1	14	72	62.3709	0
0.655	2	14	72	62.2741	1
0.66	1	6	20	62.3709	0
0.66	2	6	20	62.2741	1
0.671	1	10	31	62.3709	0
0.671	2	10	31	62.2741	1
0.679	1	1	39	62.3709	0
0.679	2	1	39	62.2741	1
0.68	1	12	59	62.3709	0
0.68	2	12	59	62.2741	1
0.681	1	11	1	62.3709	0
0.681	2	11	1	62.2741	1
0.682	1	5	78	62.3709	0
0.682	2	5	78	62.2741	1
0.683	1	2	90	62.3709	0
0.683	2	2	90	62.2741	1
0.685	1	4	44	62.3709	0
0.685	2	4	44	62.2741	1
0.686	1	9	65	62.3709	0
0.686	2	9	65	62.2741	1
0.687	1	8	83	62.3709	0
0.687	2	8	83	62.2741	1
0.688	1	15	92	62.3709	0
0.688	2	15	92	62.2741	1
0.69	1	3	10	62.3709	0
0.69	2	3	10	62.2741	1
0.692	1	13	87	62.3709	0
0.692	2	13	87	62.2741	1
0.694	1	7	52	62.3709	0
0.694	2	7	52	62.2741	1
0.695	1	14	72	62.3709	0
0.695	2	14	72	62.2741	1
0.7	1	6	20	62.3709	0
0.7	2	6	20	62.2741	1
0.711	1	10	31	62.3709	0
0.711	2	10	31	62.2741	1
0.719	1	1	39	62.3709	0
0.719	2	1	39	62.2741	1
0.72	1	12	59	62.3709	0
0.72	2	12	59	62.2741	1
0.721	1	11	1	62.3709	0
0.721	2	11	1	62.2741	1
0.722	1	5	78	62.3709	0
0.722	2	5	78	62.2741	1
0.723	1	2	90	62.3709	0
0.723	2	2	90	62.2741	1
0.725	1	4	44	62.3709	0
0.725	2	4	44	62.2741	1
0.726	1	9	65	62.3709	0
0.726	2	9	65	62.2741	1
0.727	1	8	83	62.3709	0
0.727	2	8	83	62.2741	1
0.728	1	15	92	62.3709	0
0.728	2	15	92	62.2741	1
0.73	1	3	10	62.3709	0
0.73	2	3	10	62.2741	1
0.732	1	13	87	62.3709	0
0.732	2	13	87	62.2741	1
0.734	1	7	52	62.3709	0
0.734	2	7	52	62.2741	1
0.735	1	14	72	62.3709	0
0.735	2	14	72	62.2741	1
0.74	1	6	20	62.3709	0
0.74	2	6	20	62.2741	1
0.751	1	10	31	62.3709	0
0.751	2	10	31	62.2741	1
0.759	1	1	39	62.3709	0
0.759	2	1	39	62.2741	1
0.76	1	12	59	62.3709	0
0.76	2	12	59	62.2741	1
0.761	1	11	1	62.3709	0
0.761	2	11	1	62.2741	1
0.762	1	5	78	62.3709	0
0.762	2	5	78	62.2741	1
0.763	1	2	90	62.3709	0
0.763	2	2	90	62.2741	1
0.765	1	4	44	62.3709	0
0.765	2	4	44	62.2741	1
0.766	1	9	65	62.3709	0
0.766	2	9	65	62.2741	1
0.767	1	8	83	62.3709	0
0.767	2	8	83	62.2741	1
0.768	1	15	92	62.3709	0
0.768	2	15	92	62.2741	1
0.77	1	3	10	62.3709	0
0.77	2	3	10	62.2741	1
0.772	1	13	87	62.3709	0
0.772	2	13	87	62.2741	1
0.774	1	7	52	62.3709	0
0.774	2	7	52	62.2741	1
0.775	1	14	72	62.3709	0
0.775	2	14	72	62.2741	1
0.78	1	6	20	62.3709	0
0.78	2	6	20	62.2741	1
0.791	1	10	31	62.3709	0
0.791	2	10	31	62.2741	1
0.799	1	1	39	62.3709	0
0.799	2	1	39	62.2741	1
0.8	1	12	59	62.3709	0
0.8	2	12	59	62.2741	1
0.801	1	11	1	62.3709	0
0.801	2	11	1	62.2741	1
0.802	1	5	78	62.3709	0
0.802	2	5	78	62.2741	1
0.803	1	2	90	62.3709	0
0.803	2	2	90	62.2741	1
0.805	1	4	44	62.3709	0
0.805	2	4	44	62.2741	1
0.806	1	9	65	62.3709	0
0.806	2	9	65	62.2741	1
0.807	1	8	83	62.3709	0
0.807	2	8	83	62.2741	1
0.808	1	15	92	62.3709	0
0.808	2	15	92	62.2741	1
0.81	1	3	10	62.3709	0
0.81	2	3	10	62.2741	1
0.812	1	13	87	62.3709	0
0.812	2	13	87	62.2741	1
0.814	1	7	52	62.3709	0
0.814	2	7	52	62.2741	1
0.815	1	14	72	62.3709	0
0.815	2	14	72	62.2741	1
0.82	1	6	20	62.3709	0
0.82	2	6	20	62.2741	1
0.831	1	10	31	62.3709	0
0.831	2	10	31	62.2741	1
0.839	1	1	39	62.3709	0
0.839	2	1	39	62.2741	1
0.84	1	12	59	62.3709	0
0.84	2	12	59	62.2741	1
0.841	1	11	1	62.3709	0
0.841	2	11	1	62.2741	1
0.842	1	5	78	62.3709	0
0.842	2	5	78	62.2741	1
0.843	1	2	90	62.3709	0
0.843	2	2	90	62.2741	1
0.845	1	4	44	62.3709	0
0.845	2	4	44	62.2741	1
0.846	1	9	65	62.3709	0
0.846	2	9	65	62.2741	1
0.847	1	8	83	62.3709	0
0.847	2	8	83	62.2741	1
0.848	1	15	92	62.3709	0
0.848	2	15	92	62.2741	1
0.85	1	3	10	62.3709	0
0.85	2	3	10	62.2741	1
0.852	1	13	87	62.3709	0
0.852	2	13	87	62.2741	1
0.854	1	7	52	62.3709	0
0.854	2	7	52	62.2741	1
0.855	1	14	72	62.3709	0
0.855	2	14	72	62.2741	1
0.86	1	6	20	62.3709	0
0.86	2	6	20	62.2741	1
0.871	1	10	31	62.3709	0
0.871	2	10	31	62.2741	1
0.879	1	1	39	62.3709	0
0.879	2	1	39	62.2741	1
0.88	1	12	59	62.3709	0
0.88	2	12	59	62.2741	1
0.881	1	11	1	62.3709	0
0.881	2	11	1	62.2741	1
0.882	1	5	78	62.3709	0
0.882	2	5	78	62.2741	1
0.883	1	2	90	62.3709	0
0.883	2	2	90	62.2741	1
0.885	1	4	44	62.3709	0
0.885	2	4	44	62.2741	1
0.886	1	9	65	62.3709	0
0.886	2	9	65	62.2741	1
0.887	1	8	83	62.3709	0
0.887	2	8	83	62.2741	1
0.888	1	15	92	62.3709	0
0.888	2	15	92	62.2741	1
0.89	1	3	10	62.3709	0
0.89	2	3	10	62.2741	1
0.892	1	13	87	62.3709	0
0.892	2	13	87	62.2741	1
0.894	1	7	52	62.3709	0
0.894	2	7	52	62.2741	1
0.895	1	14	72	62.3709	0
0.895	2	14	72	62.2741	1
